100
42 88 6 4 19 45 59 63 5 24 56 29 46 21 91 30 95 83 33 38 11 81 55 82 59 58 12 65 8 75 39 59 21 95 78 41 1 87 7 68 80 89 100 80 58 72 95 70 97 47 81 40 13 95 14 19 100 89 78 81 33 34 16 58 50 74 51 28 91 34 38 63 85 0 84 55 23 93 44 73 75 63 62 84 54 76 14 87 16 79 20 12 78 34 41 27 69 69 51 18 
32 65 83 91 64 7 48 42 93 64 43 1 7 98 54 48 81 64 31 88 56 64 75 30 4 9 34 62 56 91 90 23 27 62 76 21 47 9 15 80 57 81 52 90 20 39 70 43 14 18 98 53 53 2 78 43 81 17 11 10 41 28 14 90 91 8 37 54 32 64 61 33 56 98 1 37 34 2 69 51 75 56 25 23 68 43 52 89 6 24 3 94 33 10 25 37 30 27 57 59 
14 57 4 98 85 73 70 39 35 91 33 52 67 47 41 21 95 15 100 69 94 21 27 14 100 82 60 79 87 33 89 87 85 75 99 93 50 9 27 14 19 82 16 0 8 94 100 12 0 26 56 15 75 90 46 27 7 97 75 47 46 75 43 68 50 75 96 77 36 61 69 46 39 53 55 43 99 84 54 21 61 60 51 0 15 98 48 19 75 95 8 47 83 5 6 7 45 22 56 2 
6 44 25 48 87 91 36 13 69 12 86 16 56 25 66 77 20 63 23 83 66 0 35 62 49 58 61 68 73 60 22 100 30 33 62 84 31 60 90 69 41 81 40 5 1 80 47 47 78 91 49 14 66 66 67 32 56 15 57 50 40 64 95 66 91 13 45 2 10 23 44 23 46 22 70 28 56 71 19 100 75 6 81 95 68 15 68 78 81 99 11 82 4 67 79 86 31 99 91 96 
92 20 48 99 89 60 58 99 20 83 96 8 28 35 66 1 67 78 81 32 85 22 21 87 99 16 94 96 40 40 33 55 20 40 64 27 1 88 93 10 100 69 48 21 56 9 88 75 76 49 26 46 6 98 20 31 45 11 46 35 19 90 2 58 89 34 17 33 64 98 58 63 5 21 18 55 80 65 80 0 7 70 4 24 25 59 35 23 99 19 33 6 4 60 46 100 87 31 75 88 
99 69 85 52 73 61 34 98 99 60 29 32 38 91 13 27 18 28 51 55 74 35 82 66 35 2 10 65 47 46 57 1 95 31 58 10 90 97 66 49 2 36 3 15 97 7 79 27 45 82 33 26 37 10 3 38 71 17 63 69 50 24 95 69 22 34 16 96 9 93 18 73 50 97 11 95 52 27 66 1 94 43 20 57 30 92 39 14 59 9 13 53 24 5 37 86 90 33 73 7 
61 20 34 77 83 75 95 7 52 57 58 57 83 57 36 35 79 64 100 26 35 16 82 88 80 49 5 46 39 25 41 54 27 17 60 88 80 69 1 38 46 6 80 2 51 69 37 44 26 9 37 74 65 52 100 91 54 98 93 74 87 98 81 75 7 53 19 58 61 94 74 2 37 79 84 94 83 71 46 6 81 31 77 69 74 98 3 22 17 18 52 74 35 29 53 79 40 78 80 79 
76 21 29 44 96 60 18 45 27 95 16 69 71 67 32 24 91 26 21 87 10 48 12 8 40 82 24 97 17 39 79 45 56 63 75 47 78 32 9 25 82 17 22 3 16 92 69 21 45 21 81 17 39 74 94 25 97 6 65 53 10 44 45 83 26 15 88 18 24 98 21 93 53 29 94 86 70 11 56 10 80 42 71 14 74 33 63 5 92 81 98 29 19 46 47 78 58 8 81 74 
76 50 76 81 41 84 39 12 60 78 59 79 88 7 60 3 35 54 35 72 0 16 15 33 82 36 71 40 50 45 6 42 66 87 65 1 47 0 4 60 19 33 39 55 12 25 95 26 91 16 34 2 87 32 74 23 57 68 32 66 61 66 86 97 100 8 24 43 32 39 89 54 51 78 55 55 0 33 75 34 13 42 40 78 39 9 14 71 56 33 58 65 13 29 33 13 65 97 23 81 
16 8 9 5 2 84 32 36 5 81 39 36 56 81 66 27 32 36 14 62 28 62 53 14 0 65 47 28 12 26 67 37 40 42 47 28 57 84 28 33 22 68 44 28 61 40 50 68 65 43 67 51 20 70 12 98 29 58 52 8 86 64 68 33 33 45 10 64 51 90 75 89 67 10 73 83 90 35 69 29 51 66 58 45 42 54 23 95 25 53 56 86 98 2 17 75 41 33 44 7 
98 35 22 44 13 80 33 62 25 11 68 19 96 93 82 96 9 77 25 84 85 75 86 48 9 46 82 24 13 63 76 87 18 78 48 24 45 2 42 35 15 73 57 55 26 23 60 51 1 98 55 8 8 63 80 51 68 57 59 35 16 28 49 22 75 23 98 23 18 12 41 7 96 3 56 70 0 51 31 62 91 56 18 79 95 72 97 29 58 84 91 10 74 33 8 43 28 31 29 28 
17 55 75 56 62 60 77 18 20 56 47 60 85 85 83 29 47 52 71 12 59 88 69 16 77 64 31 83 8 31 3 98 100 96 98 2 50 25 9 47 69 37 27 86 24 33 68 64 71 83 15 31 86 81 20 32 65 48 65 54 19 72 54 23 40 25 6 52 79 67 75 56 95 78 100 32 95 76 92 67 82 8 100 39 80 82 16 100 91 54 67 78 21 61 70 46 71 89 53 40 
84 1 11 68 33 92 79 66 2 95 99 36 54 15 4 14 56 47 75 61 4 51 82 72 72 12 54 17 98 99 71 35 66 16 93 33 5 82 9 48 71 59 47 69 51 64 67 5 22 42 60 66 8 95 81 62 68 42 2 99 85 73 72 15 22 3 28 20 56 2 53 39 51 16 6 39 90 62 93 20 41 84 15 8 0 70 84 60 76 85 34 10 12 83 6 6 8 68 30 21 
49 93 17 80 32 49 66 60 74 62 79 19 76 60 14 62 50 56 5 23 2 46 35 63 69 99 91 32 51 87 56 95 35 64 83 90 71 52 78 3 70 52 52 90 28 64 44 90 13 83 5 45 65 34 43 56 55 54 79 89 27 12 62 49 45 64 85 57 41 64 21 99 68 79 58 74 84 48 16 80 39 32 17 70 78 20 81 27 64 44 63 4 67 27 10 67 91 79 48 73 
29 35 61 64 95 8 49 94 32 51 52 76 29 47 52 78 49 9 30 28 50 61 60 27 46 11 46 49 39 17 94 9 85 50 58 54 92 18 17 44 72 8 48 4 45 13 52 0 83 27 42 65 55 30 1 7 68 32 56 72 93 62 8 77 35 9 57 90 72 26 61 51 70 88 60 93 15 16 23 98 58 86 16 22 68 13 40 57 4 77 57 46 51 4 84 75 95 97 52 18 
69 10 62 59 32 45 53 93 24 95 34 74 75 53 42 42 90 47 82 93 1 71 80 32 88 48 16 92 1 38 71 84 75 86 19 13 2 13 18 2 93 4 49 32 65 29 65 9 26 2 46 1 24 3 95 54 91 48 35 27 20 92 39 24 82 4 79 35 18 9 0 51 26 26 55 80 37 33 32 80 97 49 34 69 21 70 81 92 100 65 83 84 95 55 42 34 62 39 12 75 
11 25 28 26 64 79 99 88 14 5 25 40 90 48 18 62 38 5 82 10 1 43 93 28 51 64 66 72 89 66 81 14 15 11 96 49 94 55 57 39 57 16 47 88 87 37 100 51 95 6 62 48 64 7 32 4 6 68 15 92 45 43 96 13 0 55 69 13 15 63 57 3 9 73 49 33 24 37 10 53 21 88 6 88 37 92 28 65 75 7 60 74 87 46 43 10 75 69 71 73 
47 64 2 5 19 81 85 10 77 61 36 47 16 23 40 23 94 80 30 16 20 43 21 82 76 23 91 55 88 80 56 60 34 57 60 12 39 46 54 23 10 77 27 64 100 48 7 80 78 28 23 10 57 82 29 98 37 40 60 99 88 8 62 53 3 90 15 56 23 76 95 97 6 3 21 16 37 84 39 2 2 91 47 99 28 8 56 41 15 9 34 3 85 37 100 77 64 94 14 90 
52 25 7 26 55 93 26 14 34 57 96 88 22 70 32 56 85 35 5 36 46 78 49 77 42 45 13 87 59 61 41 58 29 30 88 66 15 95 82 84 48 97 92 36 91 84 33 34 96 75 96 52 25 49 81 63 17 82 62 33 40 57 24 47 1 46 1 55 20 26 15 44 96 78 4 78 95 72 49 83 60 28 1 25 77 59 45 15 18 64 96 34 23 75 69 68 30 84 78 26 
85 13 84 50 36 19 66 17 39 78 16 84 97 40 67 81 78 92 85 15 87 28 10 55 45 20 97 5 12 54 83 68 30 45 3 11 14 9 40 61 50 23 9 15 81 9 66 90 32 50 73 62 25 45 1 25 61 85 59 75 11 47 71 33 46 32 68 92 75 86 15 86 62 35 0 59 51 42 90 92 84 97 73 62 50 9 87 47 96 1 5 49 55 55 48 4 10 92 45 15 
72 7 56 31 62 38 67 62 86 31 84 66 11 30 32 51 10 49 83 92 64 94 88 20 54 48 29 7 12 24 11 39 11 70 36 90 49 77 26 25 84 70 2 37 65 5 29 4 81 37 48 54 59 4 76 74 15 63 54 91 63 77 28 75 59 13 30 12 47 98 76 3 47 69 5 91 21 19 96 10 79 84 74 93 19 39 83 83 88 9 90 11 52 0 72 2 83 7 64 85 
34 8 61 32 42 25 93 53 77 69 43 17 82 55 17 10 31 39 44 59 56 2 69 46 0 23 92 83 100 31 35 10 80 27 21 39 33 89 50 51 92 32 2 75 51 11 6 79 5 39 81 50 11 84 16 75 12 41 10 82 79 46 72 53 54 28 4 76 14 74 40 4 8 15 63 53 10 67 47 74 63 51 35 56 18 95 96 59 25 34 3 30 28 23 85 47 64 7 4 81 
58 7 33 48 96 9 79 82 44 47 3 0 86 77 23 39 94 80 78 7 92 86 8 98 10 25 41 72 31 52 48 41 94 59 1 47 81 51 65 27 61 44 55 27 50 28 4 13 6 69 36 0 13 96 41 70 16 73 19 16 5 19 67 14 98 72 47 68 79 63 32 88 31 34 6 50 88 37 67 64 12 15 62 88 6 42 80 98 89 28 12 57 2 80 78 66 59 77 79 87 
95 53 63 13 21 13 73 93 58 89 15 21 33 17 92 19 31 51 96 1 19 2 7 44 49 75 9 42 92 72 86 80 64 72 92 82 75 84 99 48 37 50 11 47 51 7 28 49 86 15 4 15 53 100 30 24 42 16 49 38 44 80 62 68 9 29 9 94 66 40 47 26 63 99 27 71 28 27 11 1 18 70 72 86 82 12 42 71 50 64 58 31 35 50 20 72 21 67 17 63 
46 62 10 17 0 47 6 39 95 73 23 67 72 96 30 28 3 11 57 39 33 47 90 35 1 1 65 60 60 28 59 82 99 42 40 39 47 90 50 58 42 56 97 98 95 40 83 80 10 33 90 48 50 14 88 38 62 89 63 19 39 45 32 7 12 70 81 53 45 56 78 67 86 95 51 65 17 76 62 90 80 25 55 60 61 72 36 55 100 28 38 4 43 97 47 34 66 76 25 14 
80 41 37 58 53 40 75 71 21 99 80 37 10 41 23 59 22 57 71 88 17 5 28 26 8 51 68 71 4 41 27 84 20 49 56 58 65 72 54 86 70 71 100 10 70 4 81 65 50 54 45 0 9 88 86 51 89 63 38 35 57 63 17 76 92 35 72 64 33 58 74 83 62 36 66 51 68 92 13 46 96 83 50 46 85 2 78 93 22 44 46 26 91 30 25 83 91 2 34 5 
42 25 29 67 25 99 49 47 92 12 96 91 8 99 33 33 55 22 15 7 65 20 14 16 94 92 61 96 28 37 71 20 87 93 1 37 7 88 83 62 71 79 13 28 19 100 98 53 82 65 73 93 53 12 20 6 14 54 21 80 75 66 92 48 56 76 83 44 75 8 47 36 51 22 49 9 27 63 90 51 12 88 18 51 49 98 98 2 77 18 31 99 14 30 30 30 100 76 91 54 
45 9 2 34 14 61 1 67 2 1 76 34 64 26 86 56 46 70 94 82 20 18 93 80 87 44 18 70 25 77 4 76 51 93 77 94 68 32 3 85 47 1 12 95 27 33 50 10 38 100 27 25 3 99 80 86 37 36 100 66 100 52 59 67 20 15 67 30 14 7 80 2 33 64 9 39 51 38 70 62 5 35 29 49 100 48 64 23 35 23 75 91 72 45 26 40 59 28 63 7 
52 73 89 13 14 61 90 76 59 27 8 98 64 17 59 42 97 55 13 77 46 29 18 19 79 52 87 15 91 48 24 18 77 81 58 82 54 33 42 73 57 55 3 50 82 36 79 66 86 20 57 92 69 43 25 53 24 2 35 64 25 15 7 61 21 30 77 5 41 50 33 81 15 54 90 73 21 67 5 74 50 66 39 53 35 85 20 14 67 15 92 63 33 19 39 94 41 92 22 87 
29 35 55 93 39 19 35 92 61 85 41 45 37 56 71 99 14 56 18 41 86 51 48 39 25 55 80 74 18 0 53 26 48 98 81 74 61 68 73 84 62 81 19 83 16 9 20 95 10 51 14 12 65 84 32 32 97 2 72 69 53 3 24 22 74 79 56 96 77 1 85 24 79 74 3 21 42 58 58 90 75 16 84 42 58 82 35 34 22 34 85 38 58 18 21 2 49 93 21 27 
93 86 3 39 92 47 26 46 34 21 72 29 49 84 78 38 0 15 86 2 94 78 78 27 97 27 71 85 17 85 54 19 75 49 67 22 73 87 33 2 39 7 24 44 76 69 61 80 36 62 15 58 23 79 74 30 74 69 34 68 76 79 4 34 83 75 70 73 7 82 51 59 48 64 2 23 81 39 11 22 9 80 85 7 8 37 16 20 33 47 55 75 89 10 49 24 1 100 8 73 
0 46 36 10 7 6 7 57 62 91 46 72 10 96 8 73 67 49 32 52 4 30 88 74 79 34 26 52 69 21 28 50 84 2 39 51 97 81 87 35 56 91 34 76 60 9 68 39 8 22 39 38 28 1 81 24 50 61 37 43 1 34 42 87 49 66 42 13 19 53 36 65 76 64 83 87 80 83 72 37 42 62 87 99 73 40 86 89 72 28 60 15 63 35 12 1 50 63 2 100 
93 79 27 79 19 73 7 71 12 46 100 49 80 39 17 78 69 6 42 11 82 26 65 28 13 1 48 95 87 55 73 22 75 75 57 35 14 61 25 34 65 8 90 95 77 89 92 50 87 12 25 90 29 4 100 37 63 1 56 19 42 23 70 89 38 82 71 8 60 75 24 72 73 10 29 75 50 62 7 26 47 84 92 77 77 56 15 17 61 6 10 68 69 25 62 70 85 92 27 41 
37 63 15 74 75 35 83 24 66 60 24 47 67 87 1 27 11 69 46 78 0 84 23 78 15 57 56 47 55 22 4 15 37 45 73 59 4 97 53 2 7 93 25 45 57 94 69 24 93 80 2 46 16 12 39 74 88 9 93 16 36 95 29 3 74 89 0 81 33 3 1 21 77 5 19 17 51 84 39 19 76 62 8 35 29 93 53 86 39 0 32 99 58 82 38 84 41 91 44 43 
12 44 20 2 25 27 68 88 8 47 39 41 87 70 61 46 81 90 81 87 75 74 75 60 17 23 35 74 37 85 34 23 89 67 48 37 16 0 57 100 36 82 85 35 48 31 41 97 22 70 58 68 48 32 96 7 51 28 43 100 96 14 32 52 58 49 10 88 31 96 19 90 50 77 86 52 47 77 57 46 46 56 5 93 96 17 68 77 43 79 36 20 79 20 43 99 76 56 99 39 
77 17 36 66 95 27 72 82 82 69 50 12 3 38 98 48 18 77 30 1 11 45 61 72 12 66 44 62 32 81 71 44 3 71 31 42 38 43 36 68 93 1 86 69 96 4 33 96 84 96 67 29 81 76 85 82 86 38 36 69 2 72 81 20 28 49 30 3 67 92 88 7 15 86 8 13 90 98 85 7 56 24 67 17 60 67 44 46 72 80 58 7 28 81 69 7 57 15 70 66 
18 73 75 87 56 99 11 99 55 75 70 59 54 83 22 89 31 94 50 81 94 17 85 48 2 40 54 100 83 52 88 74 0 64 94 10 61 94 100 40 65 26 56 14 2 86 44 41 69 18 88 35 35 10 23 15 13 86 39 14 88 65 20 94 16 63 97 58 55 49 79 69 33 61 24 38 89 4 11 21 34 27 46 85 79 87 2 72 79 18 33 3 42 26 23 67 44 93 62 58 
42 42 97 54 39 36 92 98 45 57 64 58 36 79 95 83 68 77 13 79 13 54 33 22 22 65 28 61 26 91 48 83 72 40 82 96 97 96 98 99 75 65 34 15 27 38 92 72 88 17 98 4 59 66 55 86 37 91 19 15 14 53 24 9 14 2 90 96 30 92 78 80 11 79 11 74 75 47 10 64 93 15 93 66 7 98 16 84 81 68 22 15 83 6 43 18 57 2 90 98 
24 67 74 19 60 53 38 40 96 43 58 4 14 90 67 78 32 50 7 76 93 63 81 38 34 93 92 50 32 69 98 63 88 24 40 40 17 81 80 68 80 87 18 82 67 76 82 58 46 15 32 53 69 63 83 10 1 80 5 81 31 90 59 40 78 98 62 16 56 13 42 9 9 74 78 62 32 83 36 17 53 72 64 57 67 63 83 46 4 98 53 34 14 24 83 71 46 21 11 64 
68 98 44 83 81 64 75 9 1 75 12 26 40 15 76 44 51 14 2 39 56 45 64 85 43 5 80 5 87 29 10 62 57 58 18 17 23 99 78 58 3 24 71 43 77 45 55 12 66 29 14 43 98 43 76 71 92 26 42 29 70 97 80 81 16 15 37 29 50 4 24 21 28 68 45 57 79 28 39 27 33 45 34 6 27 81 42 26 41 100 16 36 79 54 74 75 62 15 81 88 
7 40 45 82 70 85 30 74 33 85 21 21 29 39 85 57 100 0 81 42 18 97 1 72 31 2 62 20 7 40 60 33 37 20 94 11 61 84 51 52 86 73 77 76 60 35 78 35 10 55 12 79 99 70 3 86 88 77 69 24 58 43 49 65 5 25 66 91 2 71 86 78 53 88 95 97 34 90 37 32 14 31 52 38 50 75 91 56 64 35 20 14 75 69 33 16 72 48 41 20 
25 98 48 63 24 100 80 68 83 38 72 67 23 9 48 15 7 50 70 8 37 70 88 15 17 64 41 1 60 75 63 16 48 55 85 61 93 19 12 8 70 69 9 30 57 19 37 25 45 50 13 61 52 50 98 62 82 32 14 83 95 41 34 42 96 60 2 41 1 33 100 51 71 94 94 2 95 44 70 11 34 4 15 16 5 12 0 5 37 38 64 35 9 85 40 17 78 76 0 84 
99 5 86 75 92 98 76 6 43 22 96 3 26 64 36 36 71 19 89 83 60 15 86 32 49 17 3 89 91 84 76 92 86 93 61 47 18 16 71 58 97 74 89 68 3 73 60 83 87 46 97 43 33 35 77 41 85 79 10 99 84 79 29 71 89 35 27 73 50 30 4 12 21 21 59 74 56 38 21 85 91 67 54 44 45 23 84 4 22 62 54 10 93 31 84 10 51 75 51 18 
65 12 56 98 7 92 75 70 53 58 40 38 19 31 34 93 43 93 49 67 11 19 98 26 5 17 82 12 42 27 58 35 89 84 10 99 72 75 45 71 19 56 14 23 99 52 40 11 74 20 86 96 85 6 65 41 5 74 1 0 68 53 7 47 59 26 55 37 83 79 0 54 44 26 71 66 63 42 11 79 91 9 73 15 51 64 13 94 19 68 49 12 15 1 38 16 12 28 53 61 
23 4 95 88 12 97 79 11 15 2 56 79 30 64 50 13 87 67 46 44 94 43 68 18 61 5 81 5 64 34 5 93 60 88 11 92 91 20 29 28 45 90 20 51 30 84 13 62 67 71 76 63 67 31 55 74 92 12 29 99 75 34 4 41 41 77 9 96 51 48 18 39 78 8 42 89 93 8 57 43 96 63 66 95 48 80 48 94 69 46 69 0 47 0 51 18 71 100 81 65 
22 82 9 2 63 36 38 56 34 92 53 38 33 90 70 17 19 31 61 12 12 49 38 5 60 69 20 26 26 3 46 62 46 16 1 69 76 70 50 45 70 21 91 10 56 1 41 92 48 38 81 53 30 71 40 10 91 89 50 47 0 10 74 70 82 7 39 38 34 5 22 29 83 29 70 98 80 41 97 78 10 78 19 79 14 56 63 86 34 59 68 52 66 30 32 61 18 40 76 90 
5 61 71 62 42 46 6 87 91 10 19 76 46 41 97 43 55 30 59 74 68 98 83 97 5 65 34 81 72 25 33 18 33 61 23 25 51 43 27 26 90 84 80 3 21 3 2 84 45 76 88 32 75 64 39 81 44 82 58 79 55 1 91 75 78 100 99 45 25 49 16 76 66 35 58 84 61 2 59 57 7 93 35 43 67 26 48 23 40 23 39 35 14 33 20 58 70 77 52 12 
62 55 40 38 71 43 54 91 7 78 87 47 72 29 92 89 64 79 63 41 49 8 46 99 56 0 97 17 54 9 87 36 40 34 98 38 66 65 68 53 25 56 17 55 94 24 63 38 27 96 63 70 49 98 19 25 20 52 51 7 92 79 32 57 93 67 96 44 58 64 36 99 57 65 30 31 9 95 38 53 47 16 17 56 37 96 67 45 36 46 24 76 82 15 4 88 3 71 61 81 
42 22 65 53 59 11 14 88 25 82 22 31 43 87 39 56 35 95 9 80 32 41 26 8 68 0 60 41 15 20 83 22 89 73 56 1 43 73 34 34 85 100 9 14 62 62 15 59 49 18 42 51 30 61 95 0 55 88 64 89 66 36 3 100 5 44 22 13 25 86 29 21 36 89 49 18 83 5 51 8 85 72 5 28 58 86 50 50 53 23 51 59 64 10 93 89 42 50 37 75 
68 53 94 98 36 67 49 6 52 24 69 36 11 81 64 36 48 38 44 46 3 34 15 68 87 16 40 26 34 1 30 100 43 36 9 21 57 100 11 51 29 76 26 47 39 89 55 30 20 63 35 94 20 90 51 92 11 96 90 1 48 93 60 56 96 1 23 64 53 56 78 64 90 68 10 19 58 21 9 33 100 4 80 40 55 24 24 70 93 72 25 51 37 99 19 93 75 1 72 36 
44 96 50 46 38 63 49 69 45 22 60 79 54 81 78 68 58 9 26 91 97 7 53 44 75 30 5 29 59 23 21 56 93 58 20 11 63 86 88 8 74 4 38 27 71 1 7 13 74 100 13 78 32 97 47 97 57 97 12 65 64 6 9 90 86 69 11 68 32 44 99 34 74 18 16 46 63 44 59 6 65 10 74 2 55 3 1 2 45 52 49 85 10 81 27 13 35 50 82 47 
96 4 77 85 45 90 71 90 96 11 28 82 59 75 86 35 11 80 80 29 1 33 37 16 57 61 86 52 63 69 25 83 19 42 40 18 48 79 62 97 3 28 56 48 91 41 4 91 15 100 25 81 46 6 69 19 91 28 73 40 44 51 18 37 48 76 29 38 48 84 46 28 73 14 67 10 55 74 21 80 36 25 15 59 64 3 32 76 44 95 0 43 10 74 6 22 88 57 70 36 
75 44 44 62 72 44 3 2 31 50 26 35 78 9 34 13 92 49 12 24 76 9 80 76 45 9 15 24 83 48 71 75 71 43 4 5 93 37 65 81 3 62 97 91 64 18 83 17 35 62 8 81 78 1 83 88 38 22 31 16 82 18 48 66 0 92 31 27 5 20 54 81 75 69 93 52 72 25 100 33 57 32 64 64 88 47 96 68 34 11 22 26 89 71 66 90 88 65 82 64 
92 41 55 31 37 45 74 57 80 42 89 2 56 30 18 57 90 28 25 11 26 7 17 99 89 62 53 35 23 97 26 55 19 55 54 16 84 55 41 35 44 70 73 52 14 34 82 26 70 25 28 29 39 53 59 31 81 47 96 0 52 56 92 15 80 27 87 53 45 93 58 54 79 71 50 18 56 43 96 71 20 6 74 51 92 17 13 12 81 54 23 94 82 52 28 9 0 29 49 44 
3 93 100 84 64 74 32 70 9 89 80 44 11 28 74 25 21 79 47 18 3 11 77 35 31 39 45 44 95 53 3 69 51 98 51 43 62 70 76 67 80 63 93 77 72 70 65 33 29 65 64 82 71 69 76 50 12 41 54 62 61 95 93 55 68 79 19 29 81 51 28 36 25 93 57 34 47 36 88 84 9 0 3 70 28 83 23 100 5 96 31 58 60 31 36 75 77 4 94 37 
48 39 86 21 31 28 34 30 37 62 73 86 81 40 73 33 27 20 18 26 29 89 94 76 75 55 39 32 70 87 19 0 97 68 65 45 44 60 89 76 59 26 39 45 40 86 16 75 13 70 81 62 85 3 29 71 43 92 47 57 59 32 39 80 98 71 70 84 5 57 57 48 23 80 71 90 20 94 15 96 32 27 66 50 37 57 49 70 1 80 49 82 36 33 9 47 91 77 60 38 
69 43 88 0 0 49 35 36 46 56 2 89 73 9 42 23 99 33 95 21 64 58 16 77 54 31 51 85 79 61 28 93 17 52 40 76 97 20 83 30 82 83 91 45 11 19 38 18 1 22 74 10 25 70 24 7 79 90 39 48 24 68 62 58 78 17 35 67 83 89 84 85 57 87 74 2 97 50 52 51 42 6 44 15 80 6 9 29 37 31 60 81 34 48 92 55 38 70 23 67 
60 27 56 12 41 55 61 30 45 33 17 85 36 14 24 56 7 73 94 14 95 61 3 92 24 15 32 20 100 75 35 85 52 22 85 5 1 77 58 15 100 77 1 16 26 78 23 87 68 55 27 30 85 25 97 78 63 29 15 86 1 26 91 75 61 57 28 94 64 96 32 2 70 67 36 9 91 79 37 6 12 59 87 79 86 1 33 80 37 66 39 79 84 47 75 63 41 22 16 94 
44 6 0 27 90 90 88 45 37 52 3 12 70 66 95 35 22 3 81 43 1 100 21 13 2 56 2 45 88 40 50 94 86 66 6 44 71 90 75 58 85 91 40 31 69 30 64 22 24 53 52 32 87 89 4 18 58 2 64 19 47 48 46 41 4 95 88 6 17 78 88 61 24 48 27 24 91 19 82 100 77 4 18 99 88 22 7 25 65 69 72 94 94 18 15 33 20 54 6 6 
42 76 52 22 45 49 22 1 27 51 97 52 99 25 98 48 70 19 79 0 3 49 63 72 15 55 37 81 21 56 97 83 47 56 100 100 63 60 37 32 45 97 36 86 84 72 90 17 53 22 27 62 92 38 84 78 48 71 13 12 58 83 44 54 83 38 41 6 81 45 99 6 64 16 25 74 89 56 31 35 98 38 35 66 95 37 43 40 9 88 97 98 84 16 84 31 55 3 16 34 
56 73 34 82 39 94 3 94 5 83 24 68 30 33 27 18 5 90 84 97 47 24 55 9 36 61 78 60 7 21 26 42 17 11 36 50 12 30 93 55 56 85 89 4 95 17 77 53 99 8 36 64 54 58 0 72 77 96 0 16 62 25 2 28 89 82 44 47 68 54 27 74 96 10 100 4 77 35 40 50 89 25 61 30 9 12 96 64 29 9 8 37 4 55 87 86 9 18 27 99 
98 0 74 65 67 62 41 64 44 88 21 41 6 76 79 24 56 17 52 58 8 66 24 81 4 6 73 45 40 19 84 79 21 52 60 27 12 13 93 30 69 89 69 21 71 47 25 59 100 92 42 32 85 62 76 9 7 1 57 54 9 61 48 74 90 52 9 80 98 15 20 79 2 96 58 15 45 100 6 25 46 19 70 34 9 39 0 12 68 20 3 94 68 31 78 96 40 64 64 76 
87 77 17 76 6 64 42 43 7 81 92 86 60 34 11 31 70 66 63 65 31 21 23 80 83 25 35 15 16 63 77 23 94 22 23 27 12 27 76 69 52 30 19 27 78 83 30 66 72 53 28 23 43 80 59 95 17 20 26 60 48 22 95 35 36 41 34 36 84 1 54 87 75 1 28 86 74 19 9 10 41 18 62 75 28 40 61 83 28 28 30 64 96 29 58 39 30 57 87 55 
91 6 86 1 37 66 89 43 70 16 82 5 2 78 32 7 4 31 15 71 23 12 56 15 50 27 32 54 68 44 50 99 0 25 51 37 7 13 55 29 69 64 44 96 25 75 30 80 58 7 95 30 36 28 25 30 25 90 6 7 23 51 25 85 9 52 70 44 64 65 74 7 51 47 89 31 0 18 83 67 85 57 23 14 51 69 14 21 23 59 35 91 46 71 57 1 44 58 76 30 
86 47 74 35 30 30 20 100 31 34 74 20 20 48 26 86 37 9 4 71 9 26 47 52 61 57 90 0 29 52 50 88 5 42 19 11 25 30 36 21 76 32 71 52 98 81 55 64 45 16 84 21 63 89 59 0 81 2 26 20 80 68 90 79 88 43 75 44 64 85 66 47 0 49 27 29 43 2 3 21 85 40 54 54 58 79 73 16 93 73 52 76 57 33 38 44 6 60 2 4 
84 59 57 21 60 30 68 6 94 33 80 62 17 67 76 94 47 17 54 4 14 40 51 87 55 98 14 82 86 7 95 62 15 83 27 82 89 57 9 84 46 70 19 14 1 81 38 2 26 84 72 7 7 66 92 56 25 10 85 5 23 38 37 95 27 77 24 2 52 76 87 44 81 95 67 90 33 37 100 71 88 84 59 36 38 58 27 90 4 19 5 2 50 24 20 23 40 70 97 31 
69 70 96 59 60 64 92 83 88 16 6 39 45 59 11 3 15 34 64 98 23 93 88 88 78 99 34 12 5 66 93 64 60 45 55 56 30 9 75 16 91 36 2 90 96 15 51 62 60 71 75 29 9 25 81 36 31 67 86 21 30 32 25 58 89 56 71 86 74 32 12 78 42 99 26 68 34 27 38 49 6 6 4 62 56 61 84 43 30 10 62 32 10 94 19 74 26 7 85 87 
95 49 50 68 15 21 19 72 99 73 64 42 70 33 81 56 1 95 69 12 54 42 26 9 57 97 20 58 48 100 31 76 45 58 75 80 66 40 20 76 97 3 52 69 38 2 66 98 12 26 41 33 82 98 15 73 97 37 6 16 56 99 90 22 94 22 86 51 75 29 49 39 16 16 47 84 100 36 4 13 100 5 51 89 96 64 92 80 17 19 1 100 30 56 86 2 6 69 42 69 
27 65 39 15 6 18 8 55 3 98 28 6 82 52 86 63 4 26 35 31 42 60 91 4 45 40 14 14 83 11 56 61 45 19 26 8 41 25 38 51 11 44 80 62 32 57 19 51 22 31 29 39 61 32 77 82 56 40 72 8 21 17 43 45 7 49 18 90 53 87 43 90 25 7 46 57 39 20 22 99 66 65 49 33 46 45 80 11 64 9 90 52 91 15 31 33 78 48 52 52 
64 34 18 19 46 68 34 28 73 16 20 33 79 22 84 42 56 58 34 83 5 89 44 47 73 72 19 3 16 91 34 22 26 27 18 52 78 60 78 84 30 65 94 90 61 16 57 31 62 99 58 64 24 74 1 35 74 86 20 19 67 86 28 73 59 99 22 92 34 3 90 49 39 94 50 93 44 61 96 100 92 81 33 62 90 91 76 51 36 43 90 64 26 38 73 15 11 74 38 18 
79 54 6 59 6 46 18 40 81 16 63 40 20 60 67 61 68 9 43 91 33 12 89 89 85 44 88 15 88 19 9 53 96 43 79 37 32 10 8 82 89 69 33 55 61 91 6 23 32 21 19 66 48 22 25 63 40 92 37 44 37 84 76 7 42 15 8 85 27 80 84 77 58 97 62 23 72 4 87 86 35 93 88 58 92 54 9 61 2 41 66 73 91 17 37 1 58 21 92 83 
88 74 76 68 35 29 14 77 32 87 67 63 41 28 85 17 63 22 43 21 8 74 44 99 73 53 11 10 86 88 15 39 27 63 49 65 28 3 34 64 96 24 76 20 13 62 47 100 61 85 14 49 27 98 21 65 19 20 67 92 16 18 50 94 47 81 75 96 22 36 0 79 17 97 30 95 51 35 67 26 7 55 42 6 48 23 75 84 71 13 37 47 40 24 48 81 39 76 30 53 
5 99 36 88 31 51 49 44 29 99 71 87 70 98 6 75 11 16 15 85 96 80 20 71 10 50 27 55 75 88 100 7 87 6 91 1 71 76 89 28 40 74 5 85 44 54 22 99 35 87 27 26 5 95 44 84 47 53 99 75 94 89 38 43 22 71 84 76 78 54 68 20 1 56 88 95 98 41 95 49 38 25 27 93 41 73 47 27 43 54 36 43 99 40 94 98 20 73 64 14 
79 56 79 52 29 67 66 83 30 23 75 42 9 24 22 45 46 94 74 82 70 64 15 89 84 36 2 28 26 60 52 11 31 11 84 68 51 91 100 25 44 19 90 82 100 96 62 60 33 22 49 98 42 74 40 22 16 39 55 45 4 92 84 53 100 47 77 87 22 2 80 8 74 88 90 40 91 19 100 86 76 55 89 92 88 46 94 1 6 1 90 3 67 45 34 17 33 100 13 52 
21 13 9 54 47 87 93 78 58 59 18 31 38 41 0 54 8 62 75 46 12 9 42 22 36 88 99 18 71 75 32 53 19 42 19 66 48 5 24 6 0 23 81 7 63 82 77 80 46 90 73 77 11 77 31 27 29 63 79 92 21 95 23 15 86 74 70 59 21 42 2 49 90 12 13 5 24 98 10 69 31 98 60 89 47 59 9 37 59 20 94 14 87 91 69 87 14 43 56 94 
16 52 15 50 81 44 82 33 29 59 9 5 75 33 21 5 14 58 79 34 43 64 67 32 65 37 46 0 89 79 71 61 92 66 6 33 81 17 63 5 44 47 22 98 17 31 30 30 15 88 9 21 86 94 0 31 99 1 99 47 41 18 47 6 22 86 25 56 55 21 61 70 18 38 32 12 89 41 36 14 23 99 29 99 98 2 88 76 86 95 6 31 12 2 46 0 39 87 39 96 
17 73 67 21 2 100 42 44 45 50 47 73 79 86 28 10 94 6 32 18 54 8 53 40 38 59 36 5 48 52 30 55 61 51 69 16 15 55 76 81 67 63 81 100 79 64 85 60 85 71 8 97 27 97 93 98 67 80 79 85 93 15 81 86 69 29 84 10 75 6 18 12 62 39 38 9 59 22 18 23 69 58 98 76 94 78 2 56 73 21 22 35 91 3 35 15 41 71 9 69 
67 99 36 92 39 58 99 17 93 8 2 68 7 88 18 32 33 5 99 81 37 77 19 43 94 59 84 54 79 8 33 96 77 97 3 79 69 40 56 94 93 42 25 38 80 65 90 71 66 62 65 89 33 100 99 62 37 33 39 7 39 27 28 2 30 78 21 74 63 34 72 67 32 40 37 13 58 61 12 6 78 86 86 51 38 2 46 24 14 87 59 97 14 48 91 13 8 63 80 92 
40 98 89 90 95 72 38 32 12 27 74 12 20 63 5 88 56 15 77 11 68 71 4 38 38 65 97 93 12 42 5 10 36 32 83 18 5 81 59 58 13 46 28 81 87 98 85 86 10 59 90 80 38 89 63 21 35 42 71 80 8 95 26 85 92 94 39 24 62 20 25 27 97 74 1 43 81 81 37 69 41 88 71 45 2 51 100 55 20 11 19 23 32 0 53 86 50 64 7 5 
77 80 78 60 42 75 9 19 54 82 28 74 69 38 34 92 44 81 16 9 21 12 38 97 12 85 5 98 30 99 56 91 45 62 38 74 66 83 36 72 86 36 36 68 44 18 68 8 75 100 60 99 57 99 43 6 63 97 11 10 14 69 58 75 76 78 60 64 97 19 94 15 34 83 76 64 48 33 72 17 10 99 23 9 18 15 12 17 49 40 13 27 66 56 47 4 98 55 72 56 
84 56 72 55 16 12 28 10 27 32 3 66 26 65 18 22 41 21 79 95 67 9 91 37 57 65 62 96 99 19 5 67 53 67 2 98 40 40 65 35 48 27 74 82 29 26 5 65 42 63 12 14 58 97 24 71 88 2 25 46 18 80 65 54 58 67 23 58 93 5 85 68 52 46 42 30 43 4 46 63 17 81 33 19 92 83 90 61 56 73 60 21 84 40 43 70 54 0 83 50 
61 11 43 64 59 67 5 66 56 61 50 51 43 27 7 12 24 61 72 35 58 55 77 42 38 89 63 85 31 77 26 9 3 61 31 67 50 53 0 16 33 91 0 96 45 75 61 81 96 18 71 82 73 33 32 33 90 54 12 74 97 73 17 37 26 65 20 55 43 41 28 0 26 94 78 66 15 64 95 45 98 25 78 90 50 7 6 66 86 28 23 26 60 14 30 24 18 53 32 22 
91 35 28 2 13 53 79 39 20 87 100 52 62 86 23 84 42 23 7 78 85 77 65 97 15 77 19 37 7 36 23 59 70 38 26 25 12 86 51 79 52 66 55 90 13 23 98 78 45 93 5 4 52 65 68 68 53 5 47 11 27 8 73 38 63 94 26 86 99 72 82 26 36 18 23 20 5 49 5 52 63 61 10 32 8 69 70 28 47 71 55 26 91 40 82 58 71 52 99 61 
7 9 67 73 56 98 21 11 15 99 39 89 37 68 67 65 43 3 53 49 2 64 69 9 88 44 2 34 80 21 76 97 8 4 60 15 90 87 88 1 92 23 75 19 51 6 9 29 56 77 52 0 78 3 40 59 16 96 97 83 37 90 48 71 67 22 43 49 24 35 19 49 4 42 38 19 20 87 25 98 27 90 50 51 61 76 45 74 68 45 83 42 72 23 57 53 16 97 93 12 
42 21 23 32 51 68 98 28 0 16 60 91 40 61 15 48 90 51 89 29 99 59 98 57 91 76 88 17 12 94 22 32 3 72 34 4 91 45 87 15 38 26 68 85 96 14 89 82 93 7 55 29 96 86 96 74 77 99 48 44 5 58 13 93 27 38 99 57 80 92 93 13 36 63 74 65 98 45 0 46 42 2 2 80 20 62 6 44 23 43 3 21 88 39 22 31 100 17 54 90 
72 50 17 63 33 8 1 69 72 36 32 63 56 24 65 20 59 54 42 54 14 48 37 17 10 62 47 90 8 68 73 53 94 55 31 58 37 100 80 77 86 97 32 89 78 15 12 97 80 95 90 90 65 56 88 38 54 30 11 78 68 70 83 95 10 90 92 8 13 88 100 4 86 7 54 66 64 29 35 36 90 84 54 82 40 83 79 1 65 56 14 38 61 7 14 38 10 23 84 13 
15 96 5 52 25 46 2 87 9 27 70 73 36 79 5 74 49 20 86 11 55 34 73 21 28 7 87 4 67 72 59 42 94 94 18 23 58 26 6 92 83 72 15 84 71 15 0 96 98 16 55 61 2 3 30 69 59 89 79 79 54 30 30 83 68 22 27 64 26 56 93 68 47 69 67 30 7 71 41 96 41 63 9 80 11 35 54 86 31 72 86 60 98 1 59 30 1 34 79 12 
21 4 99 65 76 36 11 32 87 96 51 21 80 96 44 35 82 79 32 58 93 93 91 98 97 82 35 67 53 94 36 44 30 73 85 99 42 77 83 41 20 33 59 97 86 10 19 40 22 83 87 65 48 39 76 53 25 13 41 50 64 55 73 83 70 58 84 70 63 100 4 7 69 49 90 92 61 20 89 10 23 18 84 83 53 69 22 91 74 63 63 56 12 45 64 19 38 32 42 29 
62 27 83 39 44 16 56 21 6 83 30 82 66 41 62 60 55 28 92 30 39 39 97 75 75 45 43 29 38 43 93 84 35 23 10 49 46 2 38 87 96 27 69 83 83 3 66 58 8 88 6 77 5 63 83 2 9 98 46 32 74 83 55 97 18 84 70 96 49 94 39 83 66 54 72 70 61 83 34 87 59 70 7 44 91 52 48 85 82 53 44 62 77 36 59 69 27 55 37 29 
40 33 73 96 59 50 99 59 44 75 15 54 56 5 39 42 55 62 20 86 34 52 55 33 9 43 44 60 67 44 38 40 44 63 25 54 62 94 36 28 23 35 93 88 42 63 26 21 17 19 49 9 20 37 98 14 39 79 70 51 4 23 25 58 79 48 2 76 66 0 36 80 90 82 4 15 92 83 96 62 89 48 13 47 51 22 64 39 40 9 17 44 54 62 41 11 82 72 13 89 
25 28 89 89 100 3 11 12 89 59 4 62 57 70 12 4 14 67 37 47 56 85 99 37 52 25 4 56 77 98 65 50 75 57 60 1 10 65 76 78 65 23 96 4 2 57 89 35 71 57 80 49 3 32 1 76 98 83 51 7 72 92 65 28 88 94 2 41 7 0 64 32 68 40 42 99 22 68 25 2 78 84 4 54 39 46 99 80 60 99 20 73 65 72 5 27 25 93 9 53 
8 67 94 7 34 71 46 32 74 75 37 42 29 17 81 46 19 55 20 37 32 43 25 11 16 90 20 12 92 99 29 65 5 53 94 72 11 62 98 15 65 69 78 98 95 23 25 96 0 3 92 82 55 15 64 96 30 64 92 58 83 54 24 60 37 91 0 87 22 33 54 47 70 3 54 87 55 11 88 5 7 67 93 61 83 95 64 82 36 0 82 30 62 98 11 85 0 27 4 68 
72 31 96 23 4 44 55 19 59 97 48 7 60 73 29 61 56 9 26 25 75 81 27 76 83 38 89 33 28 63 31 82 32 90 100 12 50 28 72 87 94 26 68 51 83 6 51 6 90 15 44 6 11 43 47 73 61 54 65 26 33 58 27 99 91 46 0 40 85 38 79 87 64 24 35 83 91 63 86 50 7 7 48 56 19 22 8 5 46 44 75 85 92 65 6 14 5 65 80 20 
94 80 2 47 13 57 36 29 84 94 31 15 70 95 17 52 6 87 23 56 57 40 29 6 2 4 82 44 60 98 35 85 2 43 78 68 26 87 88 87 3 40 26 39 61 15 2 62 12 70 77 46 26 30 13 86 91 74 57 45 60 34 31 79 59 51 78 44 58 28 36 79 26 51 18 58 80 40 58 63 7 66 51 53 11 79 33 17 47 43 29 32 78 56 50 7 88 81 70 60 
81 53 1 37 10 100 72 42 55 6 59 28 69 10 14 12 15 14 51 30 91 27 74 54 90 95 13 77 60 60 53 9 36 31 0 31 65 8 93 79 61 15 94 21 76 10 48 28 94 43 82 91 61 37 34 34 99 52 95 73 78 33 2 73 95 28 14 85 49 50 7 47 35 8 25 45 8 72 90 65 11 31 64 44 90 36 18 70 8 56 58 75 76 43 58 17 70 71 48 78 
93 31 51 19 90 86 87 93 81 28 67 7 36 13 62 21 65 85 17 4 68 25 26 63 68 35 83 55 28 71 22 22 24 100 33 96 34 64 11 68 39 13 18 39 18 62 47 40 100 65 0 93 70 3 95 88 9 96 16 95 67 90 33 36 4 75 99 74 84 45 54 0 80 12 5 71 61 39 37 80 86 100 98 72 57 75 97 81 65 57 69 31 94 68 93 36 84 65 83 99 
19 54 28 19 56 81 9 61 29 100 15 3 13 88 73 8 80 9 55 9 39 95 19 71 30 32 25 86 8 3 16 37 85 8 37 90 80 69 100 22 21 91 65 70 46 47 39 90 8 35 91 33 57 84 57 41 66 84 79 59 37 30 31 13 69 67 85 38 30 78 56 85 89 83 67 91 83 96 3 10 81 18 100 16 13 91 1 71 58 49 71 71 67 48 65 75 87 86 5 61 
64 36 23 25 62 25 28 93 12 4 85 97 97 28 83 30 57 62 55 59 54 76 75 31 61 92 48 33 57 88 7 37 30 4 66 69 76 21 8 11 0 100 87 36 18 47 77 64 83 57 44 14 64 90 58 64 60 22 13 42 34 59 94 86 18 99 79 33 62 41 59 13 62 69 18 79 98 53 31 18 91 24 54 0 85 71 57 38 51 23 8 78 35 71 98 80 16 91 35 35 
44 72 74 22 95 19 2 99 67 86 80 92 75 56 47 17 2 85 53 97 35 88 81 13 61 47 54 75 85 8 63 86 49 79 51 73 48 19 84 61 63 28 24 3 1 33 21 89 63 43 6 65 55 42 71 52 61 10 72 42 83 30 60 26 40 13 83 24 1 55 33 96 69 73 35 42 33 49 57 51 11 15 81 23 39 48 25 89 9 16 78 81 26 42 11 50 72 48 41 49 
57 9 41 4 37 73 24 9 26 52 67 78 19 32 71 18 11 37 47 21 21 43 61 30 86 87 88 1 14 40 37 46 63 68 0 42 95 37 19 100 17 76 48 18 85 35 18 94 0 39 36 13 23 10 1 33 48 70 95 41 100 38 61 55 78 5 76 42 19 28 82 64 71 44 67 17 23 6 100 65 97 69 30 24 84 79 69 86 47 72 80 10 60 9 26 70 68 17 26 1 
58 20 65 31 37 98 61 44 94 20 45 70 82 3 87 47 72 56 18 40 20 49 99 29 42 74 99 19 46 21 29 41 16 55 84 95 17 98 83 48 94 78 91 91 62 54 12 38 8 18 46 7 87 86 42 70 63 74 99 23 46 15 52 8 97 47 92 51 35 93 50 12 97 67 45 71 57 1 78 59 11 38 72 34 93 50 19 48 45 84 38 68 63 30 56 12 18 75 65 5 