20
7 91 5 25 9 53 48 66 89 88 78 3 95 5 89 82 24 81 28 51 
41 89 90 81 6 85 16 23 74 35 41 87 87 12 63 56 39 48 47 89 
99 0 45 79 53 2 59 15 3 32 58 23 27 46 4 55 57 96 92 41 
29 16 89 59 69 48 92 77 50 23 7 37 66 15 17 62 1 28 18 58 
46 3 27 15 73 68 14 38 42 71 75 66 45 65 85 2 7 63 74 45 
69 89 10 96 12 67 74 19 94 73 60 95 22 13 73 37 64 85 21 5 
100 16 84 76 46 15 72 56 87 86 44 100 24 83 49 49 1 82 21 99 
98 70 24 70 9 7 13 32 2 42 37 43 80 39 62 4 76 7 7 80 
34 23 96 96 92 37 10 97 84 85 45 62 45 84 22 42 47 60 65 33 
13 52 8 13 52 64 59 94 9 72 20 43 39 88 86 53 43 56 1 75 
68 59 36 82 39 15 70 94 50 96 61 82 99 54 84 35 40 34 88 72 
39 69 58 59 0 20 86 41 48 59 100 55 85 42 14 19 17 13 57 76 
12 16 55 2 85 0 12 95 26 84 21 15 99 8 77 33 14 45 26 96 
47 78 83 58 64 88 99 86 46 54 15 77 19 42 20 75 21 94 18 25 
68 77 53 92 92 90 4 91 84 10 1 60 34 24 37 85 17 17 75 78 
4 66 23 65 53 24 59 52 41 89 76 34 46 36 68 50 97 30 18 54 
93 7 80 88 97 23 72 97 44 20 13 51 63 34 31 100 31 44 39 41 
71 98 91 74 97 35 5 69 11 0 18 48 42 37 37 26 17 31 32 74 
67 8 93 61 53 32 27 65 85 55 73 62 63 39 26 36 18 62 69 70 
9 18 55 29 71 18 85 56 9 91 62 39 76 63 9 56 62 62 28 83 
10 0 62 17 65 47 71 94 8 28 49 16 87 18 69 28 1 43 89 41 