30
10 90 99 43 18 79 22 82 52 68 96 68 70 2 96 35 80 47 65 39 29 37 48 86 0 95 100 15 86 73 
55 65 55 15 31 94 33 88 56 95 47 32 61 23 45 97 54 50 83 10 68 37 42 35 1 51 62 21 70 10 
11 85 36 7 3 38 45 60 11 13 20 12 45 2 60 21 92 51 70 1 8 32 100 11 6 90 92 33 75 18 
77 43 46 100 2 48 43 45 17 28 72 34 13 39 16 2 99 11 87 12 86 72 33 47 56 51 97 66 79 76 
29 22 60 30 61 16 75 34 77 91 19 7 11 11 4 9 11 23 5 47 5 66 0 53 83 86 100 21 30 51 
0 13 32 62 2 40 95 11 22 90 42 9 21 82 30 55 17 76 29 16 47 81 63 20 96 97 70 63 80 23 
70 85 63 89 30 42 41 29 79 16 40 85 28 81 57 8 69 73 36 12 43 100 43 25 38 81 77 11 54 51 
29 25 33 93 69 16 48 28 5 36 70 83 32 46 46 77 92 65 43 98 42 21 74 6 44 84 67 54 31 16 
16 41 41 20 34 11 78 9 93 87 28 90 96 67 40 79 74 70 23 37 38 91 65 10 55 36 93 59 33 4 
29 62 49 22 41 90 9 65 36 56 95 19 15 15 28 80 64 73 32 21 2 83 51 91 44 31 71 92 95 24 
82 33 24 23 77 47 25 40 70 4 5 58 30 58 66 16 1 50 5 94 10 9 45 77 39 63 84 43 24 13 
54 97 10 55 23 38 6 100 40 79 31 47 68 10 92 64 64 73 97 95 45 13 56 56 83 48 33 78 88 55 
45 7 88 95 12 15 84 38 34 36 13 47 69 1 74 78 36 0 67 42 48 6 54 31 74 4 14 38 91 28 
1 5 46 69 64 47 32 24 94 82 92 55 20 6 11 16 9 84 25 43 95 63 85 92 7 19 64 32 2 50 
16 19 35 33 47 36 21 59 18 51 85 95 54 9 29 67 1 37 86 61 48 30 59 18 97 47 61 86 11 73 
11 77 92 40 42 48 66 8 59 15 96 36 74 93 36 50 9 16 38 35 87 46 28 9 65 14 55 7 62 56 
97 46 72 6 23 70 90 24 13 15 93 62 20 35 84 57 15 77 86 31 85 85 89 83 59 49 86 92 44 25 
73 61 29 76 50 6 86 50 4 85 97 40 1 61 50 81 93 79 87 10 58 9 79 66 41 61 99 0 48 91 
99 82 81 7 11 91 87 59 52 11 82 32 90 53 5 56 75 66 86 3 6 50 84 84 81 22 48 58 60 54 
81 49 43 48 41 4 41 88 60 44 18 56 44 18 54 42 75 5 92 8 4 22 69 54 89 68 79 55 21 39 
94 83 38 18 26 22 76 74 68 86 88 62 45 88 70 13 24 45 98 93 2 76 3 1 79 69 87 16 34 54 
81 5 48 75 35 74 57 52 53 31 5 50 34 13 3 89 68 82 70 32 7 46 55 83 87 62 65 14 87 86 
2 66 75 78 54 87 86 58 20 64 28 19 83 68 95 17 1 52 32 48 88 76 71 48 45 19 2 36 86 41 
56 36 20 8 99 53 51 36 6 41 91 28 28 51 76 67 41 1 51 69 95 71 48 63 98 6 49 91 2 34 
9 17 87 96 87 54 95 35 1 98 100 62 68 44 92 42 4 71 42 37 56 87 71 55 27 5 90 43 29 23 
90 27 47 86 8 87 29 92 51 9 19 41 41 42 19 92 39 18 12 11 89 75 79 35 23 93 86 47 8 37 
64 55 32 10 67 75 51 86 79 64 20 42 81 88 18 80 62 1 76 46 47 4 82 49 29 36 64 48 67 53 
83 34 95 5 52 64 62 42 0 91 87 60 55 53 96 28 69 11 79 30 63 51 20 49 34 67 26 46 74 94 
31 60 39 65 14 70 62 11 65 23 27 55 70 92 75 28 48 48 50 6 77 18 69 90 40 39 84 59 94 53 
77 92 27 66 1 98 1 50 7 2 74 38 17 55 65 3 83 3 21 84 48 20 85 51 3 24 39 25 78 63 
88 18 53 22 65 60 81 97 52 30 48 26 22 8 91 20 65 2 67 99 1 44 24 68 82 18 48 21 95 64 