40
21 100 10 51 95 88 82 65 16 88 36 49 46 98 64 68 17 20 46 21 9 48 40 44 11 77 90 61 39 79 43 70 91 78 92 75 51 36 17 31 
9 69 8 25 12 37 30 96 61 19 70 61 77 50 99 87 99 20 37 81 68 75 52 12 47 92 6 37 31 74 34 0 58 50 99 86 5 76 30 53 
14 23 54 88 51 50 41 19 38 8 100 72 35 70 60 18 64 37 55 13 98 89 46 81 12 8 5 88 47 69 60 71 5 52 45 82 39 74 80 3 
85 46 66 36 34 72 3 54 43 37 56 64 68 64 89 67 50 48 40 85 51 50 24 22 44 55 94 8 8 4 33 27 69 70 18 11 12 17 33 13 
19 82 57 22 61 32 47 98 84 80 76 83 98 4 89 17 69 88 36 29 94 4 81 30 76 29 65 46 58 40 91 63 61 94 84 45 91 64 2 53 
5 36 39 60 13 21 12 63 94 28 18 75 86 66 21 36 56 40 64 85 78 53 30 100 11 48 74 96 24 68 45 86 53 78 51 43 17 37 89 89 
61 85 42 12 67 51 43 23 22 79 37 48 1 31 16 62 10 61 11 64 36 60 25 0 85 4 62 80 41 45 88 71 90 15 52 0 14 13 44 3 
82 10 80 46 36 4 97 83 92 83 75 52 72 5 13 17 16 23 42 100 75 99 72 42 46 36 70 42 38 20 30 1 47 16 77 59 70 6 61 79 
50 71 49 32 15 54 84 48 74 44 25 35 36 76 33 10 76 10 10 5 50 29 85 41 76 39 28 18 68 62 58 1 23 21 99 4 60 35 34 91 
43 37 84 82 56 56 99 28 33 72 55 0 66 54 92 53 5 90 54 34 5 49 57 31 89 80 68 18 53 39 91 65 25 18 2 100 41 69 64 57 
90 8 44 77 81 60 85 80 0 8 73 12 91 19 80 90 30 8 16 50 100 80 89 42 92 29 82 59 38 54 39 1 97 60 10 38 6 30 93 71 
13 21 55 31 25 6 90 11 91 78 93 90 30 14 0 61 84 63 62 88 17 46 3 37 83 47 21 100 79 53 95 63 11 56 61 96 4 83 27 13 
17 8 77 80 63 23 60 95 70 4 47 81 45 95 29 84 5 85 68 53 4 49 16 98 38 53 21 67 59 49 15 93 63 12 88 53 63 36 45 35 
80 20 5 41 59 92 36 6 58 71 47 89 0 99 89 4 56 26 38 34 55 7 43 61 79 95 75 57 2 76 92 33 16 2 61 62 1 37 40 80 
97 83 31 57 67 76 50 90 26 90 2 46 33 37 82 35 53 89 1 60 53 56 2 94 64 7 72 12 0 97 73 8 36 6 76 58 66 40 81 58 
33 14 42 45 72 71 89 56 0 84 94 37 8 49 22 91 46 4 52 7 46 59 58 0 62 63 74 82 40 57 32 92 29 68 37 8 63 88 26 52 
9 72 53 55 46 96 84 24 61 13 35 15 10 89 47 59 90 51 52 99 22 44 8 8 97 83 7 2 46 43 40 88 33 6 11 66 3 81 30 8 
59 87 5 46 92 72 87 79 22 59 42 49 16 33 88 75 10 67 87 71 36 54 86 0 88 33 76 60 0 34 65 77 91 9 34 58 1 3 7 38 
56 52 45 68 48 43 95 71 25 55 55 40 99 95 49 50 16 84 25 8 15 24 26 47 82 32 11 1 25 1 64 71 63 68 55 37 51 71 38 66 
1 55 50 63 43 60 1 54 23 63 80 36 29 71 29 94 19 50 52 44 83 49 42 68 84 23 3 74 61 52 4 30 15 20 76 87 15 84 34 17 
89 70 52 98 80 51 83 0 17 82 27 80 31 32 3 27 59 48 68 62 14 26 65 58 79 63 5 0 74 85 92 38 93 50 70 100 3 75 24 51 
49 96 3 94 35 46 4 32 51 85 83 14 99 3 7 41 98 26 93 87 8 81 78 28 73 73 60 18 47 42 67 81 14 9 52 67 22 49 30 79 
79 95 40 2 29 10 35 33 33 90 97 33 43 95 94 28 89 91 48 76 32 71 92 11 62 44 24 24 45 85 52 70 94 5 64 50 78 84 90 54 
43 34 12 45 74 50 27 55 37 87 79 59 68 94 61 60 2 47 2 23 47 41 75 93 62 44 8 44 39 30 17 23 51 45 36 91 33 30 15 66 
53 70 12 42 6 10 34 16 22 17 73 1 48 18 39 19 11 64 9 30 40 31 3 90 93 30 77 92 83 65 46 90 93 51 29 8 67 58 27 18 
55 75 17 38 18 26 49 41 28 69 59 72 73 36 31 36 8 49 23 56 9 92 59 16 50 19 58 32 50 3 36 74 19 9 93 28 77 11 54 28 
25 96 31 3 55 77 31 75 35 11 51 25 56 69 88 9 78 14 9 3 67 61 51 78 60 29 97 84 24 54 95 22 68 64 12 97 93 67 71 93 
49 22 43 43 96 79 11 74 58 18 76 96 60 15 44 35 46 31 35 56 40 50 6 59 70 1 95 86 78 88 83 79 35 31 94 24 62 84 46 65 
99 80 93 13 31 44 67 9 69 60 74 78 76 32 37 7 40 41 72 17 87 40 88 69 35 40 48 35 100 33 100 52 45 88 63 2 44 53 20 10 
64 15 35 17 42 77 95 30 19 69 1 79 97 34 99 14 7 89 3 76 92 14 35 26 32 49 47 72 94 57 75 8 88 24 12 37 23 53 76 83 
19 5 18 58 67 42 6 2 26 9 23 35 90 4 38 21 63 8 68 61 89 87 100 99 77 61 1 38 89 45 76 25 43 85 36 30 48 36 32 42 
97 38 30 3 82 86 56 42 0 74 23 39 70 14 60 100 2 47 3 58 27 46 34 99 52 9 70 44 47 98 98 4 87 23 25 60 7 70 30 35 
97 54 70 46 45 35 26 87 25 49 72 89 65 12 70 1 75 40 34 79 56 2 95 70 77 47 68 5 33 28 34 47 62 54 54 22 13 42 88 88 
99 66 87 55 0 41 16 79 69 64 93 63 8 29 84 44 51 4 47 24 70 0 6 5 5 61 56 97 62 32 48 93 71 91 7 76 95 37 75 22 
33 70 31 45 59 39 21 96 33 17 88 66 88 43 0 62 91 22 47 88 35 40 22 25 4 12 26 50 78 36 42 24 10 34 36 74 72 38 8 66 
13 58 48 100 24 16 42 31 3 80 36 92 61 99 56 3 22 86 31 91 27 75 62 56 3 58 98 95 90 18 99 2 2 57 26 63 60 39 10 63 
48 73 92 34 92 2 91 44 88 73 62 16 84 17 7 54 18 14 32 9 77 87 37 63 6 56 92 67 56 9 13 64 24 89 4 66 73 99 85 2 
7 35 38 18 26 18 49 65 49 0 96 19 67 84 76 95 26 44 97 99 32 65 52 76 2 76 55 36 31 18 98 49 52 30 45 14 18 5 54 63 
99 82 51 25 80 52 14 81 21 74 69 63 34 43 0 10 75 66 18 95 70 23 0 85 8 78 7 44 3 52 57 44 74 44 88 4 17 93 42 30 
69 5 46 1 19 26 6 53 85 70 78 20 87 72 30 72 55 1 69 40 41 28 61 8 4 40 30 15 17 13 64 90 60 18 49 3 8 52 37 34 
38 74 85 66 84 59 95 8 49 75 47 73 57 20 39 37 8 32 77 28 0 82 40 79 80 61 11 54 14 24 90 15 75 39 91 100 61 52 96 70 