50
22 19 94 71 33 15 20 12 2 84 20 71 49 89 41 74 97 26 5 94 23 100 12 92 78 23 7 13 84 47 40 50 46 71 10 62 82 87 11 18 11 84 77 62 7 7 47 56 56 59 
68 99 29 7 65 81 51 55 37 21 5 33 0 59 9 32 40 14 59 47 48 69 75 63 95 25 29 21 87 85 76 19 18 11 91 94 18 14 34 65 78 34 41 13 72 100 27 50 85 49 
89 35 100 61 12 34 4 86 56 84 32 51 51 60 20 56 91 83 41 25 18 85 75 72 13 48 12 0 41 2 35 44 81 15 55 99 75 40 84 16 65 29 51 53 85 52 7 76 40 92 
51 92 51 58 85 53 61 87 79 97 17 60 56 55 72 28 71 56 43 66 98 75 99 10 19 28 24 77 78 57 30 92 29 41 66 90 16 28 11 32 44 23 35 17 93 66 79 38 18 70 
57 8 15 87 94 71 37 6 10 30 90 62 59 62 91 78 97 80 25 27 10 100 67 73 0 30 19 95 47 35 41 50 61 22 81 20 40 83 39 100 42 49 5 9 28 96 62 96 21 4 
53 8 58 38 99 81 76 55 77 70 52 40 17 63 35 21 89 36 77 11 94 67 96 42 84 16 95 15 29 48 7 23 63 47 62 9 75 57 7 68 64 11 61 87 42 42 28 42 30 95 
84 2 14 92 34 0 65 81 10 46 95 53 48 3 96 13 86 32 72 32 80 47 55 12 42 13 31 12 84 29 31 60 74 38 28 48 95 70 7 70 48 97 99 83 92 91 31 47 4 83 
1 3 8 74 43 24 44 7 86 11 96 88 3 81 73 16 89 44 43 52 81 95 73 9 35 88 34 84 13 57 56 93 3 6 54 34 31 55 14 97 70 44 82 8 10 5 39 80 12 51 
10 99 11 44 61 80 70 32 100 36 71 1 91 4 55 16 42 20 67 19 50 87 2 19 53 3 14 63 20 50 54 23 0 56 16 57 16 76 28 19 81 1 55 0 41 40 48 63 100 50 
86 70 0 18 31 78 53 57 74 90 39 24 37 73 35 35 52 84 73 31 20 54 34 42 6 11 54 10 69 2 57 92 41 43 62 56 88 4 95 11 78 42 30 5 38 61 4 31 75 65 
64 16 34 34 100 2 25 84 1 98 36 75 71 54 86 56 15 17 25 14 36 19 72 78 33 58 58 83 2 90 68 21 79 79 75 94 65 15 56 52 17 63 5 34 31 21 7 30 28 47 
80 1 83 60 71 88 41 66 10 79 84 33 73 17 47 39 57 29 19 67 72 14 22 81 48 13 59 36 18 20 46 52 68 69 66 11 47 87 95 3 24 76 46 52 33 98 63 77 96 94 
58 54 38 29 21 49 93 16 28 58 71 81 69 59 41 55 12 30 67 3 78 26 25 74 5 62 42 32 70 4 44 80 31 66 14 33 68 80 94 24 50 22 73 82 45 53 24 91 16 28 
72 84 95 72 82 62 71 4 86 78 41 45 69 76 0 91 73 15 95 42 65 9 42 30 79 24 13 56 36 17 20 76 5 3 44 50 75 100 57 93 97 68 65 26 94 38 67 78 45 2 
29 50 38 15 2 71 7 62 24 85 34 91 68 14 46 5 90 91 11 12 70 89 1 60 69 45 48 98 85 93 12 58 58 51 0 64 46 91 12 37 92 36 7 41 21 62 93 41 37 50 
85 61 72 60 67 80 20 87 3 17 35 73 81 51 74 68 22 71 26 15 82 59 85 62 81 99 3 42 21 1 34 65 34 76 37 18 64 90 70 78 77 89 98 82 21 73 56 5 44 7 
2 60 60 98 42 85 84 62 53 54 15 71 70 6 92 73 0 27 95 5 39 27 32 13 67 45 77 10 46 4 71 27 51 90 32 1 33 49 80 56 97 61 68 25 5 11 23 36 77 61 
34 51 42 9 100 56 22 55 27 38 12 83 19 2 62 80 60 60 80 74 21 51 99 0 4 30 65 88 86 6 100 51 3 86 49 93 89 77 84 25 96 50 76 82 0 70 45 1 73 40 
42 12 86 56 73 88 86 51 1 4 3 39 62 15 20 83 46 30 6 66 17 6 16 13 25 5 40 8 90 84 70 31 71 17 69 57 22 28 30 44 29 55 19 36 82 63 33 57 18 65 
39 41 9 63 34 22 36 50 72 83 29 42 22 40 52 96 17 96 31 58 39 88 88 57 95 89 9 2 9 29 42 47 85 69 16 95 28 25 63 97 97 52 99 69 10 84 91 19 38 3 
31 100 14 76 34 55 26 73 65 36 72 45 36 35 67 34 64 76 10 38 83 65 44 89 98 18 24 17 85 80 74 51 13 11 26 21 64 72 59 54 51 95 74 48 75 7 50 37 72 79 
43 97 35 27 17 60 44 23 42 55 12 53 75 51 4 72 40 13 47 95 36 21 14 18 91 61 10 59 21 49 57 34 25 0 18 25 79 45 77 80 42 23 60 62 10 75 21 41 91 18 
61 42 66 41 64 13 45 74 1 68 28 73 28 75 57 28 80 13 91 96 89 90 53 12 10 22 11 27 37 31 68 25 15 66 94 96 15 77 66 16 58 72 53 86 86 83 74 21 23 62 
86 73 7 0 61 99 51 89 47 48 49 85 54 0 88 55 37 6 15 61 31 99 78 84 10 33 43 2 89 40 52 11 31 62 93 3 27 35 58 70 43 51 12 4 55 57 12 45 96 99 
90 89 99 17 68 15 64 98 68 37 84 70 83 45 52 81 89 83 13 9 34 17 11 1 7 31 95 2 4 91 48 66 51 1 99 67 22 89 50 45 10 62 83 67 31 87 91 44 94 25 
52 23 63 59 20 49 22 28 12 19 55 91 88 23 69 89 3 32 26 13 33 59 97 73 22 34 90 30 27 31 52 78 90 29 42 6 71 8 6 85 38 27 1 56 46 97 58 28 63 85 
52 84 57 8 98 9 46 89 37 24 89 90 17 46 19 42 10 63 21 92 80 69 23 93 77 82 53 83 27 85 77 64 59 47 26 23 16 31 29 67 98 40 74 40 95 79 19 60 61 51 
42 17 99 71 100 67 76 89 12 60 55 15 72 9 36 62 94 37 98 78 2 49 72 97 17 23 94 86 50 8 16 37 28 74 95 53 19 91 29 81 45 94 10 24 18 2 25 89 95 34 
12 54 88 58 16 87 67 24 44 97 90 51 62 56 29 58 47 64 10 93 52 46 48 17 30 1 96 18 7 9 41 67 16 53 31 37 13 20 62 31 48 100 71 89 18 38 94 82 22 84 
14 79 53 93 8 96 24 40 28 34 81 47 53 19 62 24 34 64 59 80 67 18 40 13 50 36 79 2 75 39 62 53 53 95 25 41 73 39 45 67 3 25 100 63 79 58 3 46 33 49 
24 42 23 75 75 90 13 11 53 97 42 74 81 87 4 75 54 9 4 32 85 72 8 66 39 47 74 84 97 21 3 59 39 92 8 45 5 58 18 10 89 24 63 85 55 42 95 84 39 97 
81 21 75 84 30 96 71 63 72 69 61 89 79 21 8 42 63 100 11 95 55 57 93 0 40 26 84 74 4 96 27 69 45 93 40 87 53 100 45 56 11 48 33 56 66 5 52 83 51 44 
2 34 22 40 73 19 100 52 13 55 56 99 55 46 64 9 61 16 78 47 16 41 70 29 66 63 32 43 87 2 26 90 22 38 60 81 8 1 19 100 99 41 19 80 46 97 20 100 15 25 
39 15 18 83 2 90 68 98 53 22 96 12 80 98 11 36 99 90 36 92 21 29 38 48 40 24 30 18 42 31 92 78 70 36 67 7 68 86 26 40 98 0 71 73 64 1 89 90 62 62 
58 32 18 69 33 79 96 13 19 99 62 60 88 78 68 77 84 25 48 65 11 32 98 15 6 45 3 61 100 38 50 6 32 81 82 66 82 83 27 54 69 54 28 32 1 55 44 79 74 60 
29 26 50 47 16 9 57 35 0 46 65 8 50 50 71 32 68 52 57 98 67 49 53 99 99 56 49 94 100 32 70 47 16 18 99 46 62 2 20 49 35 47 52 20 18 99 67 34 61 46 
100 76 96 58 87 69 41 92 76 72 80 55 61 86 88 87 98 62 65 72 65 71 32 57 29 85 84 1 63 95 77 48 97 73 85 29 51 11 22 80 32 80 60 44 74 0 38 91 77 47 
34 44 71 39 58 16 23 70 19 44 88 63 16 13 92 71 99 43 100 58 57 89 50 32 22 1 37 22 17 54 58 99 19 15 87 54 48 47 94 42 54 28 20 57 28 22 99 26 44 91 
79 20 43 89 67 36 5 46 88 74 13 53 16 23 12 68 85 79 46 82 8 75 87 93 67 26 74 34 54 65 68 70 71 55 33 81 92 42 6 18 95 48 30 21 6 42 76 79 93 22 
2 75 81 46 82 84 33 3 98 21 16 72 62 45 59 86 16 51 65 56 7 51 82 70 47 88 0 16 60 46 35 27 61 68 80 73 1 57 22 45 14 21 88 93 16 9 71 29 56 67 
72 8 88 22 48 33 89 94 37 40 58 52 42 63 65 69 65 84 60 26 60 55 96 4 88 59 95 30 41 71 68 92 30 87 65 41 45 34 56 47 39 6 11 92 100 46 63 90 79 93 
59 74 42 13 21 79 67 97 69 80 20 65 14 7 40 4 7 0 70 31 55 95 94 42 41 100 67 7 51 7 62 13 39 72 73 21 16 75 46 71 81 23 33 34 12 83 41 30 33 3 
97 62 49 92 14 35 44 20 77 40 91 72 78 77 92 58 62 97 49 38 21 86 10 88 35 94 61 78 15 55 23 44 69 41 53 97 26 83 10 43 98 65 73 35 16 94 8 14 29 64 
89 83 53 32 35 54 67 29 23 83 97 52 35 65 49 100 75 79 11 19 8 64 57 6 31 30 36 43 56 23 66 37 80 83 21 61 59 63 62 40 96 23 26 49 41 67 25 97 79 92 
89 77 14 89 72 79 93 31 43 68 61 27 90 26 22 44 30 50 9 70 24 69 53 75 20 77 33 77 21 2 67 9 73 38 89 34 78 97 55 71 64 7 81 28 44 56 59 72 72 66 
51 74 38 47 94 14 68 94 100 69 82 93 25 38 12 38 27 37 57 64 20 92 9 89 84 16 18 2 18 59 66 92 57 74 21 29 89 54 79 80 60 64 52 65 13 8 46 30 52 77 
80 45 47 54 46 11 33 70 94 23 15 61 60 72 37 56 4 11 84 78 1 59 100 93 73 6 33 17 18 44 86 28 84 52 46 77 84 95 8 42 55 24 61 7 13 43 65 70 8 79 
2 49 42 12 92 9 8 27 27 95 18 13 15 37 57 76 20 61 49 99 99 13 78 40 6 9 28 97 1 9 64 28 75 47 61 15 12 46 24 32 0 17 64 69 93 37 99 9 36 46 
84 20 18 11 12 78 93 59 99 53 43 75 63 23 67 68 73 63 82 18 86 1 85 52 26 99 79 70 12 40 29 35 0 64 88 86 99 7 14 73 85 11 43 63 74 79 64 75 84 56 
52 80 92 30 85 7 50 16 93 58 64 23 45 86 26 70 56 9 7 43 91 97 43 88 8 60 72 87 1 90 61 32 92 89 53 65 74 39 69 29 46 57 42 59 82 98 34 18 52 100 
97 86 40 21 36 35 66 43 88 57 87 37 33 16 14 2 65 27 56 10 4 21 17 32 43 19 77 6 52 62 64 49 20 9 100 81 86 39 37 95 53 83 8 46 77 88 96 70 71 70 