60
88 35 72 73 74 47 79 44 77 20 0 70 24 56 77 3 18 70 54 81 61 45 99 52 43 71 41 89 94 98 39 51 55 92 69 93 92 51 93 90 6 57 24 10 58 87 24 82 42 21 81 32 12 58 39 98 48 67 34 72 
0 62 99 3 26 50 82 73 3 83 91 70 2 9 11 25 40 81 97 33 86 14 92 90 81 44 68 47 60 21 89 66 62 44 37 20 42 67 83 71 32 44 65 75 32 19 97 16 75 84 7 11 29 43 95 88 48 1 89 24 
54 50 93 23 28 7 59 62 83 6 74 20 5 10 35 5 29 83 93 93 53 88 5 71 91 57 90 50 23 54 63 24 9 61 14 0 7 38 65 61 14 31 62 29 42 85 98 37 70 6 21 8 40 65 97 92 39 48 87 60 
39 11 26 26 51 36 23 19 22 76 12 74 80 35 66 12 32 18 39 29 88 38 26 5 78 47 83 36 100 44 98 41 33 0 28 13 100 23 48 99 83 70 17 31 13 64 97 48 6 86 41 100 94 40 29 84 66 33 9 29 
21 96 72 33 4 61 62 69 48 98 2 30 0 22 63 13 68 91 29 39 31 72 100 2 19 59 4 21 19 27 93 43 3 81 22 9 95 98 3 64 58 44 71 82 59 2 6 97 58 37 98 58 52 43 22 64 39 26 1 56 
59 37 49 52 84 6 37 6 20 82 93 37 12 48 91 79 25 81 44 91 71 24 94 62 29 44 79 56 6 79 97 51 68 26 68 74 38 8 59 27 62 74 42 18 61 66 62 26 60 83 89 76 25 96 49 88 59 85 99 31 
3 52 8 58 93 42 28 35 5 85 89 21 99 86 42 68 51 92 72 4 16 46 70 89 72 73 2 50 40 78 83 43 55 72 86 33 62 87 77 65 41 31 45 20 12 3 46 51 98 6 51 27 8 72 8 45 23 12 61 21 
16 94 75 68 20 10 58 27 63 50 3 93 62 13 28 11 68 39 20 67 14 72 92 95 8 98 88 8 80 1 13 88 36 75 61 43 88 98 9 44 43 14 44 66 59 80 25 69 22 7 0 15 70 17 38 82 49 75 63 98 
7 10 40 7 28 61 55 79 2 21 34 98 77 59 39 51 44 59 50 95 60 24 15 78 16 72 91 87 59 55 64 24 72 40 35 67 47 2 66 100 17 22 12 21 18 96 59 10 40 25 34 86 41 60 86 96 45 84 59 20 
10 14 10 3 80 36 7 21 11 32 96 42 1 91 30 23 54 11 100 34 30 46 99 73 46 9 17 88 48 6 34 87 25 26 62 54 68 51 17 78 72 4 29 56 94 5 39 51 68 42 56 16 34 59 3 47 56 75 91 3 
49 19 91 93 44 8 13 59 67 24 39 68 33 8 70 24 9 10 20 74 28 72 63 98 68 59 14 16 29 14 21 77 94 32 43 93 55 73 39 99 87 97 48 18 78 23 30 70 57 25 6 22 87 15 77 35 10 75 87 79 
53 71 44 58 46 58 2 94 100 31 54 37 55 18 77 19 99 32 6 86 40 54 18 28 25 30 91 0 51 11 17 78 72 29 73 8 25 67 95 57 73 93 41 39 0 5 42 69 36 11 16 56 60 3 31 64 47 75 4 31 
91 46 70 4 77 8 95 0 45 88 11 95 76 58 86 62 3 23 59 74 42 60 31 73 87 99 48 86 27 28 20 75 48 84 17 78 78 59 26 20 34 4 59 44 8 87 42 2 51 85 15 78 76 1 15 79 20 38 69 8 
97 59 49 88 94 63 98 13 72 71 8 47 41 43 52 100 39 63 68 16 64 31 14 25 76 30 63 55 49 89 46 60 27 73 82 35 66 2 42 83 84 29 84 4 2 97 80 38 60 85 27 17 13 52 50 84 20 54 94 82 
48 95 10 79 15 97 73 77 28 89 68 72 90 5 82 87 51 48 99 53 44 35 4 86 97 28 43 64 39 39 1 42 22 94 55 2 6 91 45 55 53 36 67 39 70 18 81 70 11 61 14 77 65 88 95 18 17 16 0 32 
84 81 0 22 15 4 90 82 82 6 13 6 62 8 53 46 38 77 74 9 29 97 61 4 8 49 1 21 99 26 77 93 27 80 68 66 38 99 79 43 85 85 96 24 53 16 32 41 64 91 95 95 66 24 94 84 88 27 62 93 
39 9 97 84 75 40 61 82 65 23 30 44 99 41 23 60 10 75 64 57 31 42 62 50 90 52 60 33 25 40 92 22 96 91 56 2 98 20 16 85 17 15 95 49 95 19 49 87 39 56 70 42 43 50 79 50 30 28 3 67 
75 32 39 83 56 45 67 90 76 75 75 3 70 60 92 26 28 86 63 92 53 47 73 53 47 49 38 26 50 35 67 89 95 91 31 12 77 74 63 73 30 92 29 90 79 56 21 7 1 32 66 79 1 33 55 26 42 34 49 36 
53 47 21 26 64 99 54 41 4 98 88 74 64 12 11 21 84 41 45 88 31 82 100 23 64 85 83 96 97 100 36 31 10 46 85 61 56 39 85 10 25 50 70 90 19 58 7 41 31 63 8 1 15 7 76 53 28 58 58 97 
65 48 14 4 2 33 70 70 86 24 22 100 0 80 54 50 43 71 19 81 90 23 50 11 79 88 74 9 77 43 96 74 79 51 12 65 46 53 3 73 68 98 15 29 89 76 1 48 60 18 44 29 60 32 3 13 43 11 65 10 
62 16 4 78 54 15 38 55 77 6 45 70 79 57 12 48 20 97 75 5 82 75 90 88 83 57 32 34 57 89 89 34 79 99 87 52 44 97 55 67 25 37 38 75 42 36 21 23 39 66 2 59 16 56 3 88 7 7 23 85 
88 71 44 33 4 67 94 94 86 5 50 26 85 100 36 94 20 30 7 21 41 21 84 32 91 14 46 3 48 74 64 75 78 100 18 66 51 5 69 57 34 82 67 38 0 51 26 75 51 50 62 23 43 6 94 0 5 53 11 8 
78 66 31 69 72 27 35 74 84 90 1 27 60 58 74 90 58 74 18 2 36 21 58 8 53 15 75 14 16 47 97 84 65 83 50 84 11 86 51 50 92 59 49 5 25 61 2 84 23 98 57 14 24 75 92 60 97 56 51 18 
9 68 67 29 28 0 53 13 85 57 62 78 56 8 5 69 56 62 78 88 71 60 33 42 31 30 72 12 21 56 28 54 66 50 48 48 64 73 15 93 50 23 41 15 88 69 94 95 87 62 77 22 7 10 65 94 59 97 93 79 
90 18 83 34 44 25 49 11 42 31 38 34 97 57 8 21 44 73 0 12 26 34 51 22 26 8 22 96 69 58 18 19 49 98 45 45 12 67 29 4 91 75 82 81 70 18 13 78 98 65 72 64 40 84 26 64 65 30 51 25 
32 11 56 61 1 73 72 39 53 62 99 83 97 36 46 87 44 45 50 11 35 72 17 90 87 18 2 40 60 3 13 55 95 39 42 86 28 5 80 38 74 56 1 7 6 6 77 39 41 55 40 25 44 32 71 49 80 20 44 27 
64 98 87 99 61 36 61 71 52 36 59 0 19 47 89 99 90 73 60 99 5 26 45 87 48 15 99 46 87 99 25 88 36 13 78 28 25 40 75 45 52 96 95 30 2 68 50 13 32 17 13 96 43 81 56 19 97 23 84 27 
73 96 5 13 18 22 60 66 84 45 92 33 18 93 100 67 13 89 4 34 58 56 31 55 70 91 47 30 71 80 62 5 59 15 4 28 57 23 26 96 59 63 16 49 12 72 12 7 41 11 28 96 65 95 94 86 45 23 83 42 
63 98 6 31 64 56 2 7 4 34 61 70 6 49 99 92 68 48 82 95 31 5 84 97 87 11 68 55 83 64 57 12 76 70 20 5 22 49 20 96 99 3 29 50 80 91 70 56 21 87 47 53 28 17 4 89 65 74 31 34 
98 43 98 60 55 2 56 99 57 100 82 13 14 9 87 17 32 65 86 22 16 64 18 65 97 87 33 55 89 51 80 19 52 72 52 53 46 27 47 56 11 86 43 65 36 21 41 39 55 46 59 58 46 1 56 98 73 30 35 73 
0 30 69 78 95 17 89 17 95 95 49 3 39 78 53 56 71 2 21 22 40 35 90 54 65 95 70 89 37 62 24 39 2 7 49 25 26 20 43 68 16 9 17 10 47 20 32 4 15 53 25 36 61 46 66 32 38 72 24 37 
98 4 52 17 1 45 1 48 2 93 65 11 91 35 64 71 54 38 58 58 16 25 11 77 98 31 14 47 47 1 6 74 83 2 9 68 55 58 98 77 39 89 56 69 21 36 60 32 42 98 8 81 77 89 44 86 14 20 88 85 
4 30 66 73 54 28 5 8 23 10 96 96 80 28 24 98 69 12 37 36 1 59 24 59 75 34 51 24 10 11 15 84 45 67 26 40 23 44 54 11 55 90 19 87 76 26 44 23 20 19 26 48 58 33 56 69 48 47 48 21 
87 19 27 10 40 42 50 57 67 62 64 5 24 30 57 14 95 46 83 83 15 59 86 93 19 95 91 63 60 50 100 23 0 13 89 96 89 79 44 39 37 32 17 56 8 54 31 90 2 50 60 26 7 0 10 64 24 36 95 27 
22 77 48 56 18 13 6 52 40 92 54 99 89 56 54 83 24 92 34 13 96 48 69 17 10 76 62 16 8 92 74 39 10 9 72 68 67 49 62 56 56 85 95 58 58 56 48 81 92 64 86 100 85 55 6 57 0 25 65 22 
51 33 84 52 31 28 68 4 53 53 37 26 6 56 88 64 44 39 64 26 83 36 70 11 24 49 10 69 68 32 64 76 51 99 29 1 64 91 93 35 63 39 51 38 25 37 21 63 64 34 62 1 34 18 63 69 21 35 74 64 
24 75 88 38 33 74 85 19 76 13 98 63 84 20 47 60 37 52 19 48 92 62 98 40 13 30 8 0 27 44 10 96 57 75 37 23 0 97 47 18 35 28 85 2 2 47 61 89 97 42 51 72 0 1 65 18 80 9 61 23 
83 87 51 28 80 74 89 0 93 12 19 27 60 45 75 100 60 57 22 96 97 35 97 70 56 74 73 21 85 68 50 98 94 80 18 19 78 11 45 66 23 13 5 14 54 62 78 67 36 5 100 92 69 84 9 10 50 68 66 39 
45 22 16 87 63 95 52 6 57 81 29 62 95 18 16 21 63 46 65 2 86 68 84 61 23 84 62 35 60 66 13 16 65 70 86 4 4 79 72 45 36 52 39 88 91 89 40 13 47 96 38 87 8 41 78 26 13 55 55 4 
54 37 42 84 12 4 19 33 6 26 66 26 84 60 31 68 24 5 98 35 36 10 23 60 99 1 24 69 7 11 51 67 44 48 2 69 73 70 40 69 47 51 8 25 93 9 65 90 12 28 5 82 50 17 65 17 42 62 30 28 
19 81 8 46 100 22 68 100 72 42 67 90 10 18 81 37 48 31 42 61 100 47 30 75 24 14 50 80 14 16 40 23 59 18 50 13 11 50 89 45 16 85 64 62 36 23 65 11 59 54 27 5 4 77 91 14 61 4 98 44 
95 52 72 26 21 22 4 68 91 96 77 58 86 81 21 14 0 33 20 70 47 35 36 13 68 76 94 92 38 54 15 45 72 11 59 96 94 99 14 48 92 83 51 3 15 30 79 17 34 56 94 51 96 80 83 71 60 10 85 0 
55 92 3 84 69 86 78 91 88 4 67 35 29 58 58 24 53 14 94 25 98 98 91 39 64 37 14 44 37 77 51 56 60 80 1 92 99 8 0 33 16 43 4 3 61 85 96 11 72 20 61 35 46 38 62 16 19 94 41 33 
8 80 59 92 72 98 26 100 17 97 29 15 90 74 67 6 69 85 49 79 2 8 35 25 70 62 95 4 91 37 76 76 7 5 92 19 60 55 24 23 68 59 33 78 75 24 50 27 27 6 99 75 64 38 83 17 53 60 69 75 
72 23 36 66 49 18 38 24 54 56 8 80 72 0 74 25 11 13 55 17 79 17 70 49 9 96 21 32 71 96 18 18 34 87 39 94 48 37 26 10 53 84 84 81 86 52 96 6 40 35 63 59 59 4 53 28 25 43 82 73 
61 79 73 71 5 98 65 50 100 75 36 33 1 65 44 90 100 59 39 82 60 99 44 86 29 11 87 44 58 32 11 32 62 34 29 63 84 100 54 31 87 84 11 73 24 49 77 1 38 54 29 63 68 58 83 12 52 13 3 2 
51 23 49 43 93 72 78 66 91 66 79 60 19 9 36 5 2 43 31 57 76 74 98 71 42 79 68 80 18 91 86 56 3 24 6 73 22 8 70 45 28 25 41 93 37 66 64 24 83 49 30 43 43 58 70 87 4 93 85 52 
33 21 14 60 32 12 81 98 57 56 4 97 17 92 11 43 81 57 26 6 18 32 55 66 30 77 72 57 86 0 31 85 19 18 70 49 33 28 23 14 5 87 8 38 60 12 13 66 52 7 97 44 54 49 55 35 92 88 34 76 
60 91 97 69 33 66 99 3 86 67 14 19 37 15 13 63 97 52 78 37 38 56 59 26 82 2 59 88 89 71 68 2 57 82 27 52 75 2 92 31 48 20 42 47 18 36 39 72 100 12 94 42 64 31 86 34 85 66 25 2 
92 29 13 79 78 35 42 97 41 67 84 42 1 100 26 76 65 86 87 8 37 72 8 11 91 94 10 25 90 69 87 89 94 9 0 1 90 43 73 61 1 74 43 21 95 50 5 16 30 64 18 47 52 12 38 99 30 6 5 4 
69 76 74 88 52 45 74 35 4 66 52 54 73 45 98 53 31 95 1 74 3 95 78 82 81 65 100 69 60 38 20 18 35 80 68 36 96 90 94 36 79 70 81 15 0 86 8 100 58 79 61 53 91 95 57 32 8 55 41 63 
20 84 84 89 96 86 43 38 39 42 97 29 86 56 78 40 88 79 34 85 53 76 7 57 16 77 54 51 5 31 68 59 63 90 40 41 36 36 35 64 72 22 11 30 80 30 48 17 88 29 94 43 59 46 53 99 18 82 38 5 
26 12 43 38 97 97 54 33 82 6 92 97 24 7 63 98 100 13 90 69 97 0 20 55 51 16 7 80 77 72 1 58 55 33 85 99 28 50 4 27 100 9 76 7 5 22 94 24 46 45 91 44 39 66 96 92 41 92 1 47 
66 70 28 62 3 80 3 22 74 1 89 73 78 32 52 47 63 24 19 42 78 21 66 71 11 13 94 80 29 47 54 78 47 61 68 95 19 44 29 25 73 46 98 8 10 77 4 28 49 21 33 18 12 41 17 21 29 26 61 97 
53 12 44 57 99 96 41 66 83 60 15 81 52 9 40 47 83 5 22 46 6 72 1 11 59 10 27 35 70 1 56 93 92 32 35 21 49 46 85 10 98 23 78 81 40 2 23 10 45 26 2 28 73 26 45 40 76 90 9 74 
67 53 33 48 42 50 22 5 47 7 97 47 53 32 82 17 32 11 29 28 71 83 39 81 35 83 18 3 19 14 83 47 71 35 34 52 85 25 84 100 2 34 0 94 74 19 79 97 24 40 34 43 89 89 40 53 62 19 42 74 
49 26 13 69 94 42 19 96 28 70 48 35 39 25 5 90 63 9 88 45 28 100 44 24 32 40 52 71 92 22 26 92 0 72 88 61 21 95 84 72 27 24 19 9 74 24 99 79 37 70 12 55 12 34 35 80 34 99 97 54 
61 31 11 65 64 41 24 60 39 60 94 19 29 46 11 7 80 48 100 44 9 28 40 58 14 12 7 10 87 85 59 70 19 17 36 43 30 59 6 24 24 2 11 39 21 52 99 90 52 20 64 79 28 54 42 55 12 32 42 85 
17 48 72 82 11 54 89 38 97 81 35 13 66 45 34 92 88 57 0 61 90 3 94 22 54 21 26 87 34 4 56 65 81 2 99 32 80 98 43 49 75 97 55 89 33 96 100 14 69 52 53 53 54 54 40 98 2 14 72 83 
12 55 44 61 98 41 3 24 39 36 60 89 91 59 56 19 74 17 52 29 75 97 47 4 38 77 22 68 93 61 48 87 33 0 46 99 95 83 33 96 0 16 20 91 72 93 67 82 36 44 29 5 28 63 16 91 79 47 21 19 
23 20 78 84 61 54 46 40 40 15 14 47 25 65 22 25 34 8 45 16 55 31 26 82 8 60 90 81 61 15 41 66 80 85 100 66 55 28 29 54 60 35 67 53 27 78 75 81 24 33 26 92 20 56 98 70 70 10 78 49 