70
85 21 38 61 1 3 74 69 22 46 66 42 87 65 81 70 85 34 87 52 82 95 40 82 71 33 73 81 58 84 33 45 67 11 60 35 60 44 26 62 45 61 33 30 82 83 37 11 33 48 84 42 17 56 58 3 29 40 27 43 87 58 87 20 87 55 97 30 46 5 
76 42 54 71 14 57 60 45 35 7 25 5 39 8 46 14 74 27 45 30 20 16 26 52 46 90 62 62 56 89 85 44 55 45 33 24 28 50 7 36 0 7 44 0 55 7 86 82 87 3 92 73 18 61 80 89 85 24 81 92 17 57 75 31 58 43 79 81 3 38 
0 61 15 11 90 63 20 21 54 82 28 36 46 17 79 76 27 19 15 38 17 86 75 100 0 27 79 27 61 48 94 83 72 26 66 29 45 0 54 21 17 75 34 65 95 35 69 41 80 98 55 86 36 27 34 26 58 18 99 39 53 33 69 72 100 9 46 17 56 92 
91 52 92 93 69 30 18 68 92 18 14 47 33 19 87 35 84 95 26 65 29 43 98 57 10 79 99 50 69 42 91 72 63 99 6 15 42 1 9 9 56 91 26 0 15 30 32 28 88 84 40 10 68 100 25 74 42 90 32 71 93 28 3 63 38 24 64 65 73 52 
52 18 70 97 75 85 45 75 56 30 82 33 77 59 15 23 38 69 44 20 75 40 52 56 7 21 83 4 19 28 21 83 29 15 7 46 11 30 21 70 72 68 16 98 18 12 34 4 17 33 8 56 59 67 71 84 47 74 8 12 14 76 88 48 10 64 42 11 50 22 
65 52 99 17 39 40 84 74 3 31 3 2 12 14 32 58 84 36 80 34 12 73 31 1 69 51 75 54 1 7 22 63 92 47 15 96 71 34 49 58 0 69 36 66 45 78 19 97 46 41 76 93 10 28 49 87 2 84 12 82 25 33 58 18 80 55 46 63 99 35 
89 69 92 91 80 73 79 48 17 27 90 41 34 39 3 31 92 20 17 15 98 100 2 28 75 83 59 93 84 30 89 24 46 67 43 37 64 59 45 30 75 54 35 56 37 45 62 15 1 88 56 91 95 81 95 78 98 92 43 15 25 60 38 99 17 26 76 21 80 85 
44 3 39 98 67 94 62 74 75 12 46 26 77 52 59 95 15 86 35 93 2 43 36 75 15 18 59 40 7 35 100 37 79 16 86 58 86 66 65 35 13 78 88 63 30 32 49 95 32 38 87 38 10 30 74 44 85 100 99 31 99 54 28 94 48 66 40 56 10 82 
40 44 75 76 92 1 46 20 40 60 27 83 70 66 14 10 21 40 24 40 89 8 32 84 39 88 51 31 41 100 43 61 90 51 18 93 90 42 0 40 56 63 24 3 99 12 45 0 34 32 27 75 69 84 73 57 72 48 10 23 12 32 20 98 36 94 24 15 52 1 
50 52 42 15 30 49 93 37 30 80 46 2 90 73 31 16 46 84 25 96 14 19 70 7 69 67 18 10 25 69 97 57 37 48 16 84 11 95 40 57 97 10 40 92 64 25 17 100 1 61 61 13 29 45 56 81 6 59 96 21 26 55 52 18 31 39 56 73 49 76 
34 42 63 95 71 21 14 42 28 23 55 79 61 93 3 53 64 15 54 11 76 54 42 22 85 43 54 99 60 32 87 5 81 10 98 63 34 80 38 43 42 17 62 29 52 45 91 89 46 41 71 35 47 0 14 38 64 49 49 14 57 7 76 83 91 10 86 71 60 48 
9 51 69 23 90 64 5 60 99 73 4 69 36 13 31 45 88 71 84 44 67 63 97 80 41 78 3 65 60 10 28 84 97 54 95 40 73 100 8 32 98 22 73 100 29 58 1 95 1 68 2 68 86 1 46 94 97 57 97 24 24 38 62 44 40 9 45 24 31 75 
3 88 57 9 13 38 38 2 87 69 42 85 30 99 7 78 0 55 94 99 13 100 70 29 46 66 67 69 33 19 88 88 14 43 20 72 99 83 91 61 96 28 79 82 70 77 74 51 91 53 39 93 88 96 33 96 95 89 18 71 73 66 96 45 51 39 15 55 87 60 
29 65 15 85 10 47 92 71 37 47 73 26 29 37 51 94 63 32 52 90 17 29 54 67 60 16 52 83 32 40 64 21 64 32 26 5 65 4 80 1 90 32 39 60 7 25 30 8 80 71 32 13 38 2 73 72 43 78 58 77 83 4 97 37 64 16 57 85 64 70 
84 14 14 85 2 26 2 85 24 58 45 63 7 65 68 4 16 57 57 42 33 81 41 6 21 7 54 99 36 98 24 10 95 29 39 72 81 85 44 61 1 68 44 78 41 86 68 29 21 10 25 34 78 42 58 38 33 10 26 21 61 38 19 90 54 24 71 87 85 47 
63 79 84 93 88 78 41 39 39 35 6 1 47 76 78 15 79 2 89 93 33 12 34 91 84 52 54 6 97 78 16 2 12 11 99 68 56 69 64 10 22 4 96 86 82 72 100 69 6 82 44 33 12 19 83 18 52 84 94 19 55 93 39 43 83 47 60 16 21 13 
80 76 83 45 57 64 5 88 37 33 73 94 3 85 9 64 77 14 66 93 15 89 77 53 58 55 45 83 96 3 40 47 63 49 56 94 32 100 8 65 0 23 39 95 85 25 3 68 28 45 49 48 14 42 22 93 33 63 100 13 15 93 62 63 7 16 21 40 0 46 
22 62 58 11 19 30 37 99 84 74 10 22 62 86 4 29 43 31 16 65 46 19 32 98 48 27 9 100 67 62 20 32 13 53 12 21 36 13 90 97 2 56 24 31 97 60 96 54 11 98 15 12 12 66 7 7 86 66 88 51 73 32 17 95 61 42 33 88 92 11 
91 77 92 87 66 6 18 86 31 34 24 59 7 2 18 98 91 86 34 32 84 58 67 29 37 65 63 66 99 68 69 51 38 16 91 53 11 90 32 20 11 57 17 30 79 32 52 54 14 87 6 10 43 76 6 94 39 40 53 21 75 56 63 41 74 31 52 92 27 91 
76 68 20 9 98 49 9 15 38 37 91 23 96 24 62 34 12 63 32 3 45 17 98 96 81 49 72 64 31 6 28 52 97 89 61 80 43 78 10 40 48 29 66 23 85 27 72 87 5 79 15 44 33 14 37 61 76 22 29 98 0 54 49 65 43 89 49 13 93 93 
49 19 46 11 98 50 96 53 70 78 13 46 43 23 77 25 68 76 97 21 88 80 19 78 47 39 20 13 29 12 66 73 60 67 90 55 96 14 18 53 36 14 65 24 20 5 27 40 42 30 59 45 69 39 18 10 91 18 1 47 62 68 79 66 42 92 64 85 94 92 
18 52 38 99 47 3 64 11 39 22 39 84 64 92 64 73 95 79 49 74 30 21 41 54 70 10 99 88 61 91 85 25 24 14 26 50 25 22 11 89 84 52 9 15 86 68 67 51 50 49 41 2 59 9 100 80 12 27 0 96 43 67 28 55 28 19 53 17 54 65 
27 51 76 45 59 5 5 9 89 79 18 50 78 40 6 57 81 79 7 47 41 20 93 34 49 28 33 71 52 83 58 91 28 34 62 11 74 43 33 50 0 66 57 3 86 56 3 28 84 18 22 55 67 86 27 50 30 7 65 22 68 59 70 99 51 9 73 64 60 16 
99 4 23 38 78 61 32 50 27 33 87 34 48 5 24 79 68 51 69 5 12 53 92 76 45 14 84 1 47 100 19 21 70 9 100 8 44 39 7 7 87 46 86 100 52 10 92 74 48 81 0 66 18 33 69 8 25 96 2 84 38 64 9 74 34 73 6 51 30 27 
15 90 14 5 21 14 21 75 17 27 39 8 78 99 26 25 64 32 22 41 70 26 4 98 85 27 65 12 3 77 30 99 48 42 72 54 72 31 27 2 91 12 21 54 65 19 65 18 24 51 43 38 9 46 63 28 64 30 53 50 58 65 23 94 85 83 16 40 100 69 
42 50 3 67 24 67 32 92 67 50 88 75 51 54 14 76 63 79 47 90 75 72 25 50 86 49 87 76 6 41 90 44 33 74 39 77 82 66 49 81 39 16 41 10 32 73 48 97 100 52 53 78 93 14 66 100 93 16 5 1 40 35 40 8 67 22 46 24 24 10 
52 93 9 31 39 61 27 3 11 9 51 68 21 47 99 4 31 97 34 94 86 11 68 70 49 15 19 58 67 50 82 90 92 40 78 49 23 51 60 70 29 95 82 69 50 42 63 92 50 2 54 50 53 52 17 0 75 7 77 97 43 24 45 60 31 63 29 41 42 6 
72 73 68 78 25 61 2 87 45 12 43 39 47 26 27 5 17 78 49 44 87 3 76 75 96 97 21 51 43 34 93 13 44 4 55 86 90 14 2 92 70 77 58 89 2 3 5 30 83 57 66 87 16 43 98 53 76 88 80 51 74 58 70 85 11 22 51 93 59 91 
95 50 71 56 9 91 58 75 87 90 79 51 75 26 65 54 89 18 78 85 7 33 39 71 49 32 10 69 60 96 20 68 86 100 27 9 62 87 15 41 52 65 51 72 85 75 31 65 20 29 77 21 42 8 82 72 49 49 18 37 77 40 15 82 97 84 49 61 90 7 
38 35 85 14 18 33 69 50 10 50 77 75 22 11 53 76 84 28 39 9 54 68 36 32 46 98 16 50 6 25 6 66 50 15 78 59 48 33 68 48 15 79 46 77 27 81 12 40 79 88 43 41 92 34 40 62 85 11 87 87 44 47 63 70 98 43 35 57 28 54 
91 94 100 76 36 41 53 45 51 92 57 19 78 33 57 59 12 48 98 93 30 0 50 40 80 80 53 11 1 24 89 17 31 28 25 94 31 36 15 42 40 72 11 3 95 14 65 51 81 22 20 95 21 70 53 9 54 60 97 31 71 28 97 24 61 89 69 15 2 11 
7 20 83 28 99 79 72 3 75 89 88 70 84 89 20 2 88 10 22 100 22 94 99 65 93 66 69 38 42 9 20 41 67 64 60 19 79 99 3 31 84 100 10 58 82 58 30 23 19 15 63 16 34 53 80 80 59 88 31 37 1 21 77 94 26 100 64 51 1 82 
53 30 42 43 91 34 78 87 37 83 65 67 96 63 89 27 60 46 27 100 46 77 68 33 61 57 63 85 98 72 30 90 47 38 78 73 58 68 1 68 1 46 96 19 78 99 6 36 36 39 69 2 91 89 36 86 52 90 95 49 11 44 96 84 87 20 24 85 97 25 
76 71 16 80 84 85 67 46 24 14 42 55 33 62 92 41 42 2 94 4 88 36 1 72 90 26 20 62 75 30 70 47 93 74 74 54 97 88 98 25 40 24 93 1 14 43 16 3 39 84 21 4 56 38 69 57 35 25 48 36 84 53 74 47 35 57 90 0 66 98 
15 31 66 22 0 17 14 24 75 53 7 37 97 44 8 22 32 68 44 6 42 4 96 33 18 36 44 9 14 65 73 48 93 73 95 53 59 33 40 98 14 37 69 7 97 21 49 17 96 7 85 62 58 42 30 73 87 16 68 55 7 4 44 28 76 83 69 75 53 53 
55 48 49 3 50 97 93 45 61 29 80 100 0 56 80 63 39 65 0 39 80 20 21 88 41 3 32 98 63 19 39 35 79 56 65 71 89 93 62 81 57 3 76 53 1 93 0 1 97 9 67 47 60 0 37 42 88 3 92 20 81 1 81 32 27 20 36 39 88 8 
30 28 97 60 18 84 59 1 8 72 87 0 86 10 44 50 59 17 98 99 43 56 13 44 21 35 45 50 53 30 98 58 50 56 30 81 93 76 0 27 56 98 12 40 81 41 43 69 65 32 82 14 79 83 49 66 85 9 17 19 49 96 19 89 77 66 9 35 68 16 
17 72 51 88 44 41 40 67 31 33 87 27 70 51 49 75 3 32 57 61 92 8 28 45 48 13 67 69 40 8 46 44 62 1 38 59 35 15 14 79 100 35 49 79 20 94 23 63 55 3 26 4 26 52 45 36 91 81 2 16 96 18 18 20 89 73 84 62 90 42 
61 60 0 4 49 36 22 81 82 49 82 37 39 48 65 44 30 31 80 50 97 29 97 82 18 96 9 92 47 7 72 1 93 7 59 22 21 52 88 71 15 63 77 67 39 29 42 36 11 94 46 69 43 67 42 84 10 30 79 79 56 86 48 43 28 59 25 43 81 78 
45 51 19 74 47 18 51 44 84 62 86 49 68 30 84 21 41 68 50 29 98 74 52 53 2 11 19 0 22 64 56 52 88 54 46 2 15 50 26 100 47 26 95 7 66 33 16 89 44 27 12 1 1 95 2 3 82 86 36 51 85 76 75 6 100 66 72 64 81 18 
42 64 55 22 87 23 68 38 19 11 90 92 12 46 26 44 51 35 32 65 8 23 40 70 63 10 50 23 89 25 30 17 36 38 11 10 5 78 75 2 65 25 77 73 45 84 65 89 73 94 12 86 52 35 48 60 43 0 60 67 63 3 47 51 38 63 2 65 96 75 
94 48 57 58 51 59 58 56 91 39 46 84 87 48 62 81 62 32 30 16 56 66 70 60 2 20 52 72 99 95 14 54 34 44 50 72 14 17 48 23 77 79 23 58 44 49 28 69 97 0 82 41 92 69 74 11 19 97 4 59 2 60 6 67 45 67 99 67 26 15 
30 14 67 17 25 41 90 65 48 58 13 79 73 78 57 51 18 28 74 29 74 49 31 10 48 44 36 44 2 98 28 31 5 0 100 14 28 21 41 47 41 19 79 96 37 2 23 96 58 43 59 2 73 27 35 40 77 87 53 52 6 84 94 40 32 18 28 43 19 15 
60 56 67 5 14 65 58 19 50 88 72 95 65 59 43 35 83 67 10 84 56 48 48 69 7 31 79 2 14 19 98 96 72 14 81 75 32 19 36 8 8 19 54 83 53 67 22 62 74 96 84 79 1 29 0 48 91 13 19 40 64 47 45 6 43 71 78 85 2 60 
12 85 73 71 54 9 50 98 63 69 81 26 74 38 74 20 85 70 34 8 93 36 44 6 37 21 7 79 83 56 71 63 16 72 31 23 15 36 57 79 79 43 0 67 38 33 35 8 1 59 58 21 14 75 4 65 83 86 16 64 61 91 45 85 25 10 82 57 6 30 
70 84 19 76 74 70 28 79 45 67 48 72 18 95 87 36 62 54 26 65 91 40 98 41 94 71 56 9 33 35 76 35 19 32 73 29 48 45 69 23 54 73 76 94 65 67 77 87 83 18 82 31 2 78 79 74 4 85 34 19 46 29 98 17 77 51 38 4 70 82 
53 70 29 2 70 54 78 23 74 36 89 79 87 75 85 65 58 63 58 18 53 75 14 16 97 46 85 69 19 79 80 42 34 6 3 30 93 62 51 31 29 34 2 20 97 98 55 13 8 87 77 62 30 53 12 56 27 63 34 28 1 84 71 98 25 38 97 30 3 55 
11 18 68 24 11 92 21 74 16 31 15 72 46 59 96 17 13 43 11 73 63 90 87 50 93 29 72 37 68 46 49 97 26 91 77 57 33 46 25 19 34 39 31 67 53 56 38 65 1 12 54 23 56 9 39 87 49 4 93 71 55 82 0 69 41 24 78 75 59 78 
68 20 38 60 57 5 11 4 70 15 73 93 17 1 86 57 18 12 74 21 8 48 30 48 77 54 7 97 7 33 61 51 48 40 21 12 30 100 8 60 15 7 60 50 79 74 57 70 57 33 99 37 40 26 16 71 3 57 44 30 48 47 92 74 59 100 48 67 25 68 
99 58 47 81 40 6 4 53 54 91 71 34 11 44 89 97 41 50 82 53 55 2 77 75 49 97 40 31 39 57 58 48 17 84 89 16 21 44 8 23 71 12 47 4 84 43 63 85 48 30 17 83 99 11 7 67 82 68 63 68 22 96 84 13 92 50 44 52 52 35 
37 0 100 14 40 55 98 5 86 19 7 7 22 17 76 8 12 47 41 80 38 86 28 100 3 21 8 27 90 70 90 22 32 77 91 16 9 69 35 63 26 82 64 90 53 50 68 42 61 35 79 54 57 20 37 3 13 40 0 62 32 5 81 3 22 36 43 25 18 49 
61 17 18 8 87 32 38 48 96 89 70 41 12 6 60 60 4 68 38 91 90 67 41 20 65 41 95 65 95 44 15 92 64 68 89 35 20 3 61 64 51 60 51 1 9 42 100 31 100 94 50 71 21 38 70 54 54 39 69 58 82 16 5 41 47 1 50 35 64 13 
62 25 18 74 29 78 2 49 20 16 61 60 38 100 17 59 44 34 99 36 26 37 23 11 93 77 91 70 39 6 47 72 44 9 60 84 83 62 94 81 21 44 11 93 65 100 19 73 76 22 29 12 22 30 3 24 24 55 58 86 60 67 82 9 80 36 34 12 19 34 
36 52 2 76 28 82 84 67 22 100 23 51 72 22 61 7 68 29 38 72 20 59 35 77 14 86 46 27 62 35 97 92 29 90 64 31 47 5 30 99 57 82 99 75 41 2 68 80 96 5 41 99 5 18 47 24 18 96 30 14 46 30 72 9 94 40 61 94 64 49 
65 85 40 16 61 55 98 42 40 72 9 56 10 85 9 14 91 53 91 58 32 30 96 25 63 42 38 21 40 47 73 65 19 11 40 97 43 8 65 76 42 47 37 76 81 97 2 66 94 35 7 55 48 48 38 53 32 34 51 30 27 39 21 67 20 13 5 80 99 13 
43 31 58 51 96 84 47 28 70 21 68 26 97 91 61 3 30 45 20 92 32 18 51 37 67 84 61 31 30 80 87 79 98 61 46 58 67 67 66 80 75 80 20 35 43 19 39 57 79 78 7 6 39 3 50 41 82 94 33 8 14 21 39 36 38 36 35 9 73 67 
21 33 89 78 96 31 23 10 84 79 3 37 63 22 43 43 88 72 70 54 47 41 56 75 11 18 13 58 89 64 18 81 47 82 20 72 76 42 25 6 35 61 88 23 26 73 69 3 75 7 81 98 68 89 50 1 70 93 41 24 45 91 52 41 73 11 11 61 47 85 
23 71 3 100 39 11 2 80 84 10 51 65 34 90 74 12 74 64 70 22 63 45 16 57 50 8 79 33 0 85 1 30 81 62 22 37 37 35 52 87 39 5 32 39 0 78 89 24 69 60 40 20 35 17 28 22 36 22 27 73 72 87 49 89 58 32 7 45 100 81 
39 16 36 68 63 86 93 95 81 46 31 2 40 97 96 54 22 14 27 94 98 45 83 61 11 72 79 63 6 70 14 44 98 46 27 98 15 83 23 35 100 52 57 82 14 44 13 46 6 94 17 6 41 41 4 92 38 98 56 64 47 36 93 24 26 94 77 89 80 3 
39 46 42 20 95 72 40 70 51 4 24 11 69 7 77 17 50 22 84 1 40 76 86 39 50 56 80 38 22 11 78 25 87 54 84 99 43 56 46 91 18 6 93 85 92 96 44 95 82 84 99 20 44 8 74 96 60 100 73 25 24 98 8 40 89 45 0 90 87 48 
30 26 45 53 62 90 28 18 94 87 25 86 83 61 80 14 13 87 47 97 51 72 34 61 72 17 43 24 82 14 88 36 92 75 55 39 79 29 17 36 97 46 54 61 56 11 13 82 28 68 72 20 60 57 42 44 49 45 49 37 19 21 77 99 98 72 41 40 14 86 
90 17 70 29 3 93 27 50 57 44 17 4 4 58 89 83 34 49 75 62 2 21 77 6 48 45 80 90 53 77 28 79 38 88 24 77 97 0 91 79 12 7 11 65 27 76 81 36 33 72 7 66 18 57 13 20 12 12 99 35 65 91 84 52 78 5 70 83 49 78 
49 19 82 26 83 12 24 100 73 52 0 44 85 4 34 100 33 33 73 61 46 25 13 23 94 41 13 13 15 36 3 77 85 74 61 95 49 86 8 24 16 73 90 57 53 17 9 11 24 80 21 58 25 86 97 94 38 93 29 10 95 47 88 70 64 100 80 98 41 94 
68 62 51 55 20 40 27 0 49 78 73 40 52 83 49 55 7 20 4 87 76 29 47 79 92 43 92 66 90 79 90 12 89 78 63 63 78 41 3 51 59 27 3 2 64 31 95 62 30 13 36 68 4 73 74 95 63 5 24 95 8 19 55 75 40 44 96 76 61 77 
12 31 61 26 96 8 13 80 22 45 37 55 21 30 100 1 44 92 84 46 28 94 3 5 24 85 68 23 9 87 16 5 9 89 98 36 69 98 78 55 83 26 99 66 89 93 66 54 52 45 58 77 51 46 42 13 20 80 33 38 28 18 3 38 64 4 99 34 43 100 
78 20 36 68 83 11 55 86 42 17 10 67 39 67 29 30 63 58 3 17 61 8 89 64 29 26 65 3 69 53 98 70 96 7 92 55 88 23 62 5 55 7 99 13 18 74 36 96 83 52 59 90 0 98 49 2 5 100 12 31 51 12 45 89 37 15 47 92 17 17 
71 15 63 91 100 36 56 81 25 35 72 87 14 68 41 37 58 28 89 51 6 20 6 43 39 7 17 22 68 17 45 87 86 52 52 40 7 5 70 46 31 38 59 96 0 65 69 15 53 4 86 85 33 86 69 16 11 52 83 73 55 4 83 8 30 31 41 14 63 55 
41 82 85 62 67 100 41 87 11 53 32 94 18 6 59 29 90 33 17 47 77 50 38 13 71 66 29 79 45 16 54 50 47 86 17 20 1 80 62 83 6 14 16 10 7 49 25 24 72 23 49 10 30 71 0 4 58 9 64 36 34 70 63 1 43 22 29 83 30 28 
0 92 69 82 1 43 72 36 42 31 10 52 52 89 32 88 87 97 77 96 3 5 14 61 35 10 2 93 50 96 51 87 88 20 32 56 69 23 61 17 1 3 4 87 50 78 97 92 66 92 99 0 56 91 46 73 14 28 17 100 41 78 23 63 60 5 18 14 14 37 
7 69 99 77 19 67 47 82 24 28 51 26 92 78 34 43 17 39 34 76 33 43 38 68 56 72 6 19 18 21 16 19 74 37 21 63 1 56 30 4 76 7 58 26 46 41 93 53 6 95 13 37 32 44 87 49 64 19 76 81 86 94 54 0 95 59 52 78 29 28 
6 27 92 43 33 39 48 96 18 33 52 37 16 39 15 48 69 87 52 32 61 44 79 35 10 61 87 85 76 100 71 70 97 56 14 46 52 60 62 47 64 71 12 34 7 22 67 11 38 60 97 11 3 34 53 1 43 19 17 93 41 83 47 23 1 28 57 19 6 41 