80
9 53 35 56 94 6 24 77 70 7 43 56 41 10 25 17 80 1 58 80 7 55 76 55 71 17 89 41 10 90 58 17 42 90 22 7 42 46 24 65 70 66 32 1 68 6 86 7 69 29 21 58 90 96 17 23 1 6 100 74 32 76 42 87 89 30 87 52 91 59 47 8 92 86 74 55 47 29 80 66 
60 78 35 82 44 84 35 13 31 42 61 95 56 13 17 64 3 70 49 1 24 71 70 69 16 3 22 95 94 43 44 41 96 26 16 37 69 12 7 53 35 79 12 31 33 78 81 41 63 4 81 54 71 36 73 51 71 86 94 87 76 90 90 40 40 39 85 44 6 62 86 42 68 63 54 33 50 44 56 11 
82 29 36 24 26 32 94 52 100 35 9 77 64 37 34 55 91 44 76 28 16 55 48 59 19 74 35 79 66 68 57 21 92 51 94 9 84 92 23 55 95 90 23 9 1 16 5 53 56 45 59 59 25 95 1 80 61 84 73 66 71 62 44 67 35 34 67 41 63 19 94 84 64 68 11 20 45 38 40 9 
45 48 52 23 14 11 99 6 57 29 54 27 93 70 44 34 40 99 25 100 59 91 52 16 65 71 56 37 73 71 28 84 40 33 53 72 80 50 44 38 58 37 56 25 95 22 74 43 98 50 98 49 10 94 84 56 22 15 63 88 91 60 12 15 53 60 79 42 34 84 88 91 76 14 83 31 98 58 41 4 
0 2 22 98 92 50 96 50 32 54 35 48 17 98 21 5 94 2 36 37 16 44 0 48 0 92 82 44 71 71 80 29 77 56 81 55 87 36 84 80 55 23 37 39 70 58 63 78 64 87 43 59 6 58 14 63 25 75 97 80 91 62 75 48 18 65 13 75 33 26 40 67 59 61 92 49 13 27 17 42 
8 36 91 24 75 82 10 80 90 61 4 33 33 24 62 11 15 50 22 71 94 100 97 84 3 82 59 36 61 36 97 10 46 29 72 95 63 21 8 98 42 59 25 27 86 47 52 56 46 39 86 49 12 75 60 82 44 63 46 24 96 2 74 18 91 85 72 98 48 32 58 58 40 33 68 11 76 77 57 44 
49 5 94 98 76 37 94 34 8 41 77 54 57 14 34 17 45 74 52 72 96 96 50 16 29 54 83 37 49 20 31 29 89 88 33 78 69 68 42 81 8 23 92 70 95 8 2 83 31 39 34 0 95 59 39 24 88 29 23 78 76 55 75 33 77 38 76 20 68 9 32 70 74 61 30 86 12 63 67 25 
54 7 9 48 75 19 3 83 75 25 11 38 28 52 16 68 48 47 59 37 0 28 83 80 40 47 66 86 58 89 27 76 98 51 33 56 14 43 40 53 13 18 56 51 9 51 10 87 89 85 79 6 67 24 69 30 53 3 50 91 80 84 97 76 77 24 35 51 8 95 38 26 47 21 94 65 6 41 33 53 
13 80 47 38 50 9 71 29 8 70 21 42 24 100 96 40 1 20 37 94 67 57 8 88 93 10 3 21 7 19 89 100 30 16 73 63 63 46 93 53 54 83 8 15 59 34 52 60 91 52 16 8 88 57 49 62 54 44 61 44 48 19 95 56 81 39 37 15 28 42 42 81 43 73 78 30 3 60 43 37 
96 0 96 46 0 75 72 46 16 46 93 91 87 61 97 37 59 46 23 26 15 8 55 4 83 89 84 82 58 17 1 88 21 53 81 65 75 61 3 84 82 42 50 20 56 83 5 15 31 20 90 63 55 42 45 57 73 10 30 57 2 15 85 70 87 54 82 89 95 63 32 69 94 30 83 9 71 50 25 34 
82 72 73 37 13 63 57 97 52 18 35 72 48 98 74 95 89 30 19 2 24 96 60 61 3 65 52 24 10 29 95 79 12 58 81 49 66 31 35 51 69 73 21 88 52 21 57 98 29 92 35 63 67 46 94 76 56 78 7 2 25 51 95 26 49 4 18 25 16 35 64 67 38 20 22 56 45 100 59 20 
55 96 35 48 4 4 55 49 93 9 44 29 33 0 50 15 89 94 98 14 98 91 67 32 94 83 48 100 86 99 89 19 40 58 61 92 44 73 74 87 28 95 67 100 58 23 11 38 60 27 11 74 82 32 36 4 1 35 50 54 21 0 59 77 3 38 60 14 81 23 11 89 57 36 57 70 21 36 42 71 
65 28 13 92 21 98 37 31 98 86 1 51 96 75 51 38 77 27 77 95 24 17 52 20 12 90 48 3 14 14 79 60 59 68 44 0 13 88 3 26 96 9 70 52 60 93 94 63 76 83 60 85 26 65 44 63 47 83 26 7 40 6 58 78 58 16 38 52 96 98 94 71 72 97 70 25 95 99 87 68 
12 42 41 1 46 11 18 60 21 1 40 18 93 46 29 82 94 80 81 91 97 70 59 38 1 18 10 62 81 23 34 32 24 13 15 44 1 63 60 63 78 28 97 2 72 100 42 36 95 19 40 56 99 88 99 5 17 0 62 73 75 75 56 33 74 71 17 13 4 18 50 18 26 73 66 70 89 7 90 86 
28 21 17 30 66 55 84 22 37 97 0 55 65 64 61 64 98 27 64 11 86 23 92 74 86 8 31 39 94 9 28 34 39 77 23 13 86 83 6 32 56 46 35 45 60 55 57 90 75 11 57 35 2 74 59 74 77 5 37 53 23 3 90 97 35 88 31 74 63 63 86 89 57 43 38 0 89 58 80 24 
43 9 0 70 12 14 48 39 66 56 15 97 17 86 64 22 23 14 89 95 40 61 66 64 49 72 25 46 35 52 24 43 25 56 51 87 92 80 32 71 93 97 14 11 96 21 62 43 80 21 86 2 16 63 50 11 78 35 24 86 53 10 56 35 94 3 97 83 63 6 99 70 55 23 97 51 41 58 28 57 
19 25 56 79 54 8 13 54 88 25 62 82 68 26 57 75 67 91 84 64 37 13 43 86 62 63 86 0 89 80 63 75 88 86 65 85 74 17 52 34 41 55 93 82 28 15 37 69 20 67 30 43 27 65 58 84 83 40 81 74 76 1 35 18 14 37 52 12 24 75 20 76 29 61 83 25 80 61 67 90 
32 96 36 74 59 48 100 14 99 46 88 27 26 50 21 29 54 1 21 54 8 10 36 57 53 86 28 12 46 33 39 85 44 39 14 58 59 93 39 45 70 23 53 54 31 29 55 90 51 72 38 41 95 26 14 64 82 33 80 17 81 37 72 35 27 22 55 78 31 56 40 100 71 6 43 85 32 15 82 53 
54 99 92 35 11 18 51 8 86 3 9 22 45 50 5 70 60 27 83 46 66 61 24 98 0 39 98 99 0 82 0 62 61 74 47 49 89 27 30 9 32 99 30 65 45 14 99 6 74 91 90 76 6 36 100 53 84 10 1 8 36 7 5 91 100 74 5 9 77 56 39 55 77 65 32 80 55 30 11 5 
41 12 67 92 70 42 64 34 78 62 35 76 69 80 27 44 63 76 3 64 14 26 61 18 18 91 39 70 75 64 52 24 7 8 93 46 20 5 45 93 60 63 19 60 5 78 1 35 81 52 63 54 76 5 90 97 22 89 89 47 35 16 8 6 51 94 12 16 39 52 4 74 3 55 57 17 55 2 87 31 
68 37 69 54 89 40 83 24 96 29 44 5 82 11 44 77 15 67 85 42 49 44 57 6 2 2 89 78 32 40 23 22 61 88 71 81 58 16 33 86 56 22 66 44 14 1 69 73 95 26 91 70 84 84 1 65 74 50 76 80 91 63 96 41 33 27 37 84 11 44 0 8 63 15 26 59 50 42 69 75 
94 12 12 75 90 14 78 18 83 78 24 19 60 21 72 92 37 93 49 16 67 13 6 0 50 95 11 83 63 70 91 26 61 38 85 83 27 6 3 13 25 70 69 64 41 55 91 83 29 94 22 58 30 11 32 3 24 68 65 21 28 35 88 58 34 74 20 84 87 53 53 8 88 92 11 21 96 17 11 28 
78 19 85 64 94 47 19 50 26 55 15 51 51 82 98 54 97 85 100 72 70 73 98 20 14 55 15 35 27 19 98 31 23 42 15 54 82 80 17 16 28 59 61 50 54 37 93 0 12 29 42 75 29 9 44 13 24 17 15 18 16 60 34 32 45 87 87 27 74 73 52 38 47 61 92 90 19 6 20 90 
36 99 14 24 64 52 95 40 30 94 75 88 79 53 67 29 98 38 17 69 29 46 47 89 75 66 82 4 75 3 30 66 1 14 49 68 83 51 21 50 64 86 56 62 45 8 25 48 93 87 60 70 76 74 99 44 62 85 44 65 72 42 88 53 70 16 75 73 82 44 42 24 19 16 40 5 22 55 100 3 
8 21 15 68 67 65 90 88 55 66 33 38 27 78 85 68 46 3 9 76 1 85 73 19 42 84 18 83 38 60 41 40 23 54 39 73 98 74 54 14 2 73 74 40 81 16 23 92 49 88 65 26 36 51 85 50 11 82 96 67 9 58 35 13 84 69 95 50 22 15 58 42 24 62 68 83 80 3 76 37 
1 84 34 50 1 41 74 31 93 50 22 32 93 32 38 30 95 19 12 48 100 91 75 13 81 72 99 41 45 37 69 13 66 72 57 3 28 22 94 97 34 25 33 32 61 5 8 73 100 77 51 75 100 49 32 30 23 76 49 5 95 37 50 87 93 66 19 71 17 10 64 3 71 93 47 38 93 53 70 78 
45 75 34 70 64 98 31 47 75 88 86 65 52 84 19 90 70 89 76 6 8 2 65 52 80 23 7 18 71 46 31 40 87 99 16 17 95 38 0 49 94 96 55 91 94 42 93 21 32 100 47 12 30 73 3 50 72 84 21 67 66 27 74 7 47 46 55 66 100 48 84 50 95 75 30 83 13 13 29 30 
72 13 67 82 44 63 39 8 41 59 83 80 65 77 13 7 27 82 69 30 68 15 22 11 72 53 2 92 87 95 83 15 64 70 80 2 24 91 89 6 5 98 25 50 62 41 92 82 9 31 75 64 51 20 47 30 83 66 81 71 90 71 56 14 60 79 30 85 95 62 3 56 39 29 86 6 96 89 68 75 
21 93 72 41 72 6 37 81 35 45 71 44 3 52 22 27 56 13 52 82 93 18 44 46 35 42 98 53 78 12 5 30 24 7 11 93 62 50 28 65 12 13 48 4 2 44 83 11 92 99 67 15 64 92 27 65 51 44 39 44 25 46 80 52 93 21 65 36 54 94 36 2 20 29 68 100 13 44 85 74 
18 53 20 77 88 93 90 50 76 47 69 97 1 33 86 40 74 9 95 9 100 77 62 34 90 67 67 60 19 48 41 57 6 82 35 96 73 29 26 43 52 72 80 58 86 61 7 25 74 67 41 8 78 45 83 11 51 9 52 68 33 76 20 81 45 8 83 35 30 98 13 88 0 17 24 15 7 37 6 3 
52 66 93 5 82 80 77 31 65 45 79 43 96 10 67 14 18 84 67 99 32 100 56 79 44 35 38 66 51 56 82 42 93 17 17 46 47 41 94 96 12 39 82 46 52 33 19 4 73 98 81 84 100 36 33 33 32 88 45 77 44 76 18 100 31 46 100 37 59 55 84 34 88 58 22 81 67 25 56 59 
20 39 22 28 13 28 60 15 11 30 43 62 100 94 86 87 30 52 26 21 62 9 90 32 90 15 35 3 46 17 28 34 68 37 36 79 49 7 89 7 21 81 92 9 30 13 64 89 66 89 54 52 24 55 43 93 64 62 7 34 71 87 27 2 14 50 82 63 66 84 83 25 14 20 65 48 14 7 37 81 
55 82 29 3 26 49 56 53 65 12 100 73 46 98 54 25 94 71 53 44 61 88 46 85 37 75 96 83 21 14 75 11 32 70 47 58 85 95 34 21 39 36 37 25 78 79 60 31 30 40 94 33 83 18 99 51 62 47 59 73 52 68 50 14 45 47 50 73 83 59 11 12 27 28 60 44 85 91 35 14 
43 66 52 60 4 26 51 71 69 84 91 64 51 57 88 89 83 38 77 52 88 59 42 100 4 51 4 46 15 33 2 83 54 2 19 40 18 67 78 90 38 87 71 82 27 82 33 17 2 79 29 90 31 81 45 11 5 4 67 1 79 81 9 10 73 93 26 93 29 7 90 98 11 37 58 35 75 63 26 93 
84 54 23 72 82 76 32 7 65 14 41 45 52 78 62 49 87 99 38 28 69 33 15 42 87 80 80 37 54 29 42 24 59 60 14 47 6 78 5 62 81 49 75 95 13 29 78 94 55 55 65 9 73 88 68 28 52 38 80 21 89 23 57 21 86 18 42 14 25 64 39 81 14 13 92 32 46 63 67 72 
84 63 67 32 92 87 72 79 89 80 33 63 78 96 64 63 0 79 56 96 95 60 73 1 75 78 31 29 96 86 66 15 88 36 91 89 64 70 66 69 39 64 10 17 11 81 33 94 61 67 46 69 64 6 97 84 80 65 17 84 30 77 19 31 5 3 44 79 99 77 100 71 20 35 15 73 88 14 70 8 
96 0 99 78 37 53 53 91 10 51 37 27 76 70 89 18 43 44 37 52 46 13 29 29 52 61 39 99 32 54 16 41 25 25 35 25 17 88 13 6 91 64 83 90 89 60 78 78 69 89 98 10 26 29 7 9 29 37 68 6 30 22 60 45 8 98 32 32 21 27 18 67 9 60 92 12 55 61 91 61 
70 71 90 30 81 30 83 48 36 58 44 44 44 66 23 11 25 35 8 26 81 92 65 49 35 67 99 99 95 27 96 90 49 31 3 0 32 43 42 80 16 31 69 28 32 28 68 76 43 70 93 83 16 40 57 73 96 6 61 75 29 94 85 51 59 35 84 78 96 94 40 69 97 75 5 49 23 24 20 82 
2 15 92 64 61 7 0 85 50 35 57 26 75 22 81 92 12 78 59 69 5 81 77 89 3 50 90 96 7 64 99 31 56 18 38 73 76 68 13 8 89 46 36 67 54 43 77 86 65 47 47 46 1 90 13 19 58 91 65 30 84 79 81 24 70 54 100 79 93 7 47 72 2 64 21 8 94 56 20 12 
5 54 49 70 30 20 84 48 92 85 18 23 77 67 0 15 38 89 59 0 63 16 50 51 82 68 34 89 51 53 55 100 20 97 4 35 78 90 38 1 66 5 85 65 34 62 70 18 24 91 61 23 34 9 46 84 69 96 9 9 28 70 48 96 45 40 54 68 30 95 3 59 89 21 58 47 2 78 29 68 
23 76 72 80 42 81 28 64 18 37 61 90 40 93 5 81 78 18 29 6 23 84 49 87 79 16 72 15 82 16 34 6 55 7 43 43 96 9 6 80 77 30 25 77 40 27 9 81 83 53 64 49 86 29 11 85 83 68 26 84 50 21 88 22 29 22 18 94 92 72 47 32 20 7 25 30 28 96 20 24 
16 95 90 14 52 9 65 76 88 27 3 2 33 9 22 6 37 47 2 86 88 32 45 6 57 5 89 78 69 60 22 65 91 54 85 44 29 45 39 95 28 65 67 14 65 66 18 72 76 60 97 72 5 91 72 59 4 67 66 41 87 84 50 90 81 50 93 57 85 48 25 47 44 83 73 18 21 52 35 90 
80 5 9 4 66 65 64 18 12 49 68 81 3 86 84 96 19 56 38 1 50 55 9 50 33 15 55 69 21 100 38 23 49 67 90 30 68 75 65 20 38 36 96 93 77 1 94 57 80 64 68 73 64 11 13 99 2 29 54 0 62 80 88 52 5 98 18 58 87 61 10 89 46 3 14 20 47 77 98 99 
35 3 77 82 14 65 99 39 18 96 26 4 61 99 21 62 66 40 50 49 4 1 1 19 67 37 66 35 38 60 39 27 100 76 7 7 63 47 8 88 95 26 94 71 23 39 86 87 87 30 90 54 60 21 18 74 61 0 15 81 34 78 9 52 74 95 36 5 47 32 99 17 94 51 58 45 69 61 34 68 
61 26 13 71 20 82 14 89 95 91 37 31 53 55 81 11 77 11 5 84 22 84 79 54 26 41 29 2 58 37 77 45 54 38 7 66 21 91 46 98 23 2 9 59 59 11 41 64 93 44 67 10 15 65 39 1 65 29 30 75 28 1 67 68 34 84 17 5 41 97 89 37 20 35 14 99 69 62 58 79 
32 72 51 3 58 83 29 51 11 0 77 94 31 77 35 52 82 8 32 82 76 51 96 89 16 46 67 3 22 40 90 23 1 26 89 40 75 34 56 40 16 79 14 59 5 0 81 49 81 84 78 12 83 31 3 87 68 47 85 64 26 45 38 8 35 50 84 70 94 98 59 68 27 55 85 76 50 77 52 43 
14 65 45 31 51 49 63 68 17 52 12 45 7 81 37 80 83 15 55 22 84 37 76 83 31 17 93 60 38 46 77 14 3 12 96 14 14 19 24 22 3 100 47 42 99 15 54 37 87 56 94 30 50 24 3 1 27 37 66 58 55 8 16 68 44 6 20 49 25 67 8 44 86 70 34 73 56 28 73 56 
35 84 61 16 68 9 66 76 19 78 78 58 86 9 46 75 3 0 98 20 100 90 3 98 61 14 99 95 58 50 17 21 44 17 46 49 58 26 91 88 16 23 72 62 21 71 29 61 42 68 17 48 88 65 72 82 18 16 71 96 76 54 92 6 87 51 15 31 99 95 82 80 80 7 61 20 10 67 53 29 
39 47 57 24 26 86 0 43 39 48 70 79 82 100 0 96 94 43 54 84 2 85 51 47 7 9 30 88 93 81 44 66 94 34 62 92 3 7 95 25 17 99 38 18 58 51 5 44 57 9 29 45 68 9 45 33 43 22 4 73 20 53 69 66 19 53 63 91 66 8 2 87 94 71 9 5 15 56 95 21 
86 45 28 60 43 95 20 39 57 35 21 20 3 83 64 38 60 1 16 60 33 71 65 99 77 53 7 45 14 90 61 15 61 58 52 23 24 88 5 15 59 86 22 67 22 14 7 20 25 41 40 2 6 50 91 43 67 8 90 3 48 25 13 80 3 57 50 32 34 91 68 46 22 38 32 72 15 39 53 68 
68 21 65 70 70 15 65 85 23 76 23 87 16 93 26 59 87 63 12 40 32 21 50 56 57 17 27 37 34 24 31 21 20 65 75 52 22 79 32 56 47 87 54 23 91 89 46 22 43 72 79 48 48 54 22 47 13 9 94 25 0 32 59 88 2 81 83 89 64 26 43 52 51 23 41 49 49 63 24 77 
62 62 52 42 14 27 83 76 9 8 37 46 43 92 91 68 87 8 48 69 35 76 56 44 68 20 61 69 19 87 3 40 14 92 78 1 32 7 16 2 15 59 86 45 10 80 100 24 76 45 86 100 75 57 70 68 90 37 5 57 16 8 48 40 96 21 79 72 18 85 59 44 47 76 63 10 54 30 85 48 
94 43 82 53 23 91 3 58 29 47 68 20 59 50 34 90 9 66 70 87 64 74 14 87 54 53 97 44 85 56 47 90 90 89 88 87 16 76 91 6 84 17 35 77 11 60 27 64 91 63 9 21 19 30 71 65 78 68 91 71 35 39 31 55 13 67 96 50 66 43 95 38 45 41 75 41 84 59 2 6 
22 89 84 49 79 85 83 18 48 34 70 31 66 8 0 32 6 59 43 91 79 10 39 50 85 3 59 50 63 24 9 8 24 38 95 69 84 1 51 85 32 35 89 54 38 22 49 30 90 29 62 85 25 73 36 64 2 29 19 97 15 7 17 98 11 83 87 95 8 99 22 44 16 83 88 61 63 40 42 60 
69 46 43 7 33 72 98 73 8 100 52 69 50 16 70 77 91 14 96 40 52 27 64 64 67 41 93 61 36 9 46 94 78 76 71 18 18 89 1 51 81 73 70 60 8 66 38 15 60 68 11 8 40 64 67 98 11 63 53 91 42 44 77 89 41 40 49 3 30 28 72 93 94 57 25 84 33 93 40 12 
10 47 31 72 96 45 99 26 94 33 40 32 20 80 44 83 70 70 3 18 52 33 25 32 75 70 3 48 91 69 33 96 33 67 5 42 4 82 48 24 19 94 24 4 93 23 40 24 85 49 28 21 6 94 59 18 57 66 6 1 69 9 47 38 60 89 14 50 88 95 60 30 96 26 78 87 0 93 73 59 
39 0 45 48 22 32 49 94 96 48 10 69 14 25 42 57 79 8 15 5 18 22 66 87 46 30 71 54 31 34 26 2 35 41 44 82 38 77 20 28 44 64 37 27 77 21 83 84 78 17 30 14 10 38 11 40 33 95 36 57 89 6 70 50 35 98 4 74 80 37 96 85 81 14 2 9 8 41 70 71 
34 66 18 5 47 39 15 93 59 0 15 9 38 91 48 30 3 66 18 42 22 83 46 65 0 80 22 63 26 40 97 54 24 48 18 28 25 14 25 92 90 65 33 54 92 97 8 34 4 36 92 16 57 71 12 10 3 62 95 62 16 59 28 43 81 18 20 85 84 0 90 90 51 41 59 43 20 69 61 35 
13 41 40 78 10 40 88 74 45 77 4 67 8 50 25 46 26 47 98 30 65 6 63 48 81 64 6 29 23 61 43 93 98 50 76 21 87 37 10 47 58 15 95 69 22 50 72 55 69 83 22 8 50 7 68 43 57 47 51 53 90 43 6 69 24 70 82 70 81 41 94 0 18 88 94 45 32 72 47 96 
77 38 75 26 95 28 66 9 12 8 96 71 64 38 62 83 95 40 41 50 43 40 81 30 84 26 28 100 99 83 33 72 3 97 13 96 6 15 20 96 87 90 14 33 32 34 93 63 57 51 84 14 35 28 66 13 97 100 43 43 24 94 82 56 45 25 82 66 4 74 19 20 75 55 23 80 82 44 29 37 
0 11 40 19 35 26 59 33 30 27 96 88 0 21 87 7 13 3 15 81 60 27 13 31 14 3 96 37 10 78 73 34 72 50 82 41 60 44 22 88 71 88 23 2 71 88 17 32 85 44 85 98 99 53 33 12 31 50 47 84 37 19 74 16 38 92 42 19 50 82 82 79 56 32 70 95 52 30 68 26 
10 90 35 83 56 70 75 28 5 74 100 45 86 52 17 50 30 35 52 57 11 61 88 56 0 72 71 1 78 90 28 82 59 88 89 49 11 37 23 24 76 47 60 45 6 62 35 66 15 16 17 78 32 23 19 45 49 35 84 0 62 24 40 100 15 37 78 9 38 2 56 7 54 39 4 71 75 92 59 90 
58 88 50 17 98 35 40 19 62 15 10 10 99 33 37 76 80 38 95 27 21 7 35 72 58 56 88 78 69 89 11 4 88 58 81 40 0 66 86 85 72 11 95 0 87 2 38 47 80 43 79 35 77 69 37 17 59 61 12 80 4 89 95 60 55 64 12 87 27 46 9 73 93 83 97 51 17 92 19 40 
12 63 40 56 82 79 55 91 96 52 45 70 88 21 78 11 33 29 72 45 76 28 40 26 60 40 8 37 4 33 66 89 69 14 5 13 42 21 41 59 78 68 21 1 14 79 61 35 25 78 74 94 87 47 62 77 29 92 76 1 51 5 72 55 49 52 80 39 54 73 94 68 75 92 44 100 38 9 75 64 
20 81 52 27 29 80 47 96 98 86 79 81 14 77 97 0 99 8 16 97 85 33 96 82 39 15 39 74 7 16 76 13 69 61 56 23 77 54 50 44 64 78 31 0 22 15 12 21 42 51 46 22 59 63 9 59 65 85 96 6 88 72 31 41 1 6 31 51 96 20 32 80 20 48 15 21 44 11 39 82 
46 62 22 18 53 64 57 35 11 73 70 71 18 26 92 81 59 40 19 65 94 74 48 69 15 53 66 100 99 49 61 31 69 66 49 20 17 77 71 5 42 61 58 41 17 43 85 31 19 13 53 34 58 46 91 4 18 68 4 88 21 82 0 96 27 25 75 1 86 47 21 52 80 25 98 93 36 10 53 69 
20 16 9 38 43 75 99 53 1 91 85 78 54 55 81 34 47 76 22 39 7 60 40 17 13 83 73 58 10 74 94 91 26 78 97 80 44 7 88 31 26 69 96 80 34 71 27 78 77 24 43 66 82 56 47 44 5 3 9 5 70 0 57 22 27 38 67 52 37 52 72 4 92 15 82 1 66 95 9 15 
72 52 34 88 23 55 21 16 19 1 76 32 56 18 93 63 89 44 77 68 36 49 89 76 3 57 29 15 78 92 64 16 70 1 16 2 28 86 100 50 72 15 29 51 19 44 53 92 49 16 49 59 89 36 2 44 8 58 67 93 6 49 57 59 20 7 12 10 82 73 52 71 64 20 54 31 74 61 37 77 
77 34 81 78 36 53 79 98 85 42 24 6 20 54 12 59 100 34 72 54 56 96 44 53 100 56 44 50 9 69 54 51 20 10 53 33 25 8 3 28 72 14 35 35 66 36 37 89 71 66 43 6 60 57 4 77 2 70 50 74 45 96 48 76 16 75 50 11 3 69 7 8 84 15 23 5 21 7 26 83 
33 19 4 55 47 37 35 98 89 1 8 23 49 9 80 74 45 76 21 71 74 16 67 13 39 42 29 0 72 21 84 24 62 98 62 51 36 51 14 52 56 12 62 37 29 83 8 33 22 91 39 100 50 44 53 93 37 65 23 40 87 88 86 44 46 90 73 67 44 2 46 21 32 85 27 52 22 1 11 8 
85 14 8 52 42 56 58 74 95 10 76 72 30 64 73 79 72 86 52 37 31 19 31 50 45 72 68 24 98 92 83 78 8 44 16 82 40 41 81 84 86 88 78 72 57 0 17 90 10 59 32 87 56 79 8 81 67 16 89 2 7 92 12 43 14 79 4 0 46 16 82 83 17 8 83 58 65 74 37 96 
23 71 16 31 61 5 16 63 86 36 84 31 36 1 93 68 95 43 62 39 78 49 7 54 88 62 64 34 61 48 71 83 24 83 57 45 57 28 25 79 29 53 67 48 43 41 17 74 46 33 24 1 82 16 94 60 16 10 48 57 36 31 8 71 88 19 74 98 68 69 41 29 62 35 30 68 39 38 86 59 
60 64 58 13 86 89 38 92 62 33 48 54 40 7 7 19 40 86 50 91 68 35 33 21 9 9 4 73 34 23 93 35 63 70 47 50 3 16 5 66 96 81 20 98 74 82 82 19 86 72 58 49 48 51 41 10 98 19 44 8 58 60 74 20 88 29 70 7 39 24 28 94 64 13 75 34 57 18 47 23 
3 9 38 39 47 38 7 79 33 35 42 49 4 4 33 47 46 81 11 79 13 16 43 6 12 45 50 53 49 100 69 90 16 7 36 19 82 57 30 75 70 9 31 3 37 18 66 80 42 43 6 46 9 39 80 10 77 80 45 53 75 76 96 90 41 77 37 92 63 89 40 37 8 46 97 22 49 30 90 10 
33 54 11 19 62 13 64 30 48 70 89 45 3 22 91 5 60 46 44 41 55 34 28 33 56 73 82 70 23 22 23 30 85 15 36 22 7 68 32 33 0 31 4 57 91 87 100 63 96 94 64 84 56 12 23 22 70 0 84 50 60 75 66 60 66 91 23 63 48 43 37 40 50 55 39 76 99 62 55 99 
95 97 45 76 77 80 60 80 30 82 82 11 53 89 30 21 32 100 10 34 3 79 9 32 77 32 9 60 1 30 26 73 34 1 79 27 16 17 10 31 46 39 7 72 56 26 91 17 8 27 97 8 53 53 87 66 71 33 38 27 56 15 55 79 90 8 53 78 48 0 57 33 79 32 15 42 46 38 88 1 
8 78 74 63 93 1 15 56 8 39 8 39 74 69 72 17 88 6 66 66 14 84 38 46 44 81 18 8 33 41 38 57 21 53 55 41 89 23 25 41 70 99 13 9 72 84 85 81 98 85 78 75 18 32 14 78 84 69 97 82 45 99 41 32 94 13 53 98 13 72 60 66 7 0 76 1 46 96 67 93 
33 31 18 55 43 84 87 69 32 28 54 99 20 94 74 17 35 66 62 24 40 2 99 15 0 88 21 87 5 16 24 8 20 12 56 35 47 1 82 67 54 90 87 60 56 5 98 9 31 93 65 96 99 64 77 93 8 20 90 88 67 32 29 22 24 56 98 19 10 69 71 11 56 6 93 29 81 85 12 67 
75 42 3 17 20 36 74 78 27 58 11 81 21 2 9 85 71 14 26 44 71 28 74 93 2 71 98 5 8 30 61 55 62 4 12 12 25 60 62 52 37 79 99 79 84 75 18 38 99 69 78 16 32 6 43 87 95 91 5 33 24 26 75 8 42 62 10 34 40 92 31 94 28 96 11 28 29 97 39 40 
34 36 24 76 3 76 92 63 47 95 85 62 31 1 21 28 61 18 30 30 54 2 66 32 65 30 3 77 12 66 30 11 48 69 61 44 70 54 86 85 57 41 77 64 12 76 73 40 25 43 76 96 56 9 69 17 14 79 97 16 94 53 80 10 14 28 31 68 25 88 66 41 26 82 63 10 14 77 74 82 
98 8 36 14 21 95 46 30 52 4 29 96 74 79 35 57 19 98 3 32 78 57 33 79 53 22 52 4 21 50 25 56 3 99 38 23 29 95 63 18 78 76 0 54 36 60 4 54 89 51 77 71 99 79 17 94 99 23 79 28 60 71 61 5 53 25 14 9 46 88 82 45 13 79 87 22 35 53 42 55 