90
86 69 86 87 0 89 92 85 16 50 93 15 18 38 95 77 77 24 95 75 69 100 51 86 51 6 33 21 55 64 55 30 3 36 66 45 63 11 61 80 54 65 32 51 73 6 20 22 4 75 30 47 26 51 83 82 26 79 61 54 3 72 9 72 25 72 83 56 7 15 5 48 99 20 22 56 26 74 75 74 19 40 4 32 52 73 46 34 74 17 
28 39 49 46 58 25 70 57 58 39 15 22 63 73 79 85 43 70 91 18 2 50 26 81 92 28 95 83 72 7 99 22 52 73 25 26 84 41 71 2 0 99 75 65 82 20 5 72 87 72 1 66 28 6 4 80 70 91 37 82 9 25 77 76 96 71 38 37 83 40 79 47 4 36 76 61 58 56 21 81 60 83 10 84 12 8 57 80 76 36 
80 80 30 21 58 32 27 38 61 27 25 47 11 17 98 19 0 66 85 35 93 36 33 86 46 12 51 0 70 67 82 97 59 67 8 86 75 26 87 95 31 93 29 52 56 90 2 19 82 52 97 22 0 14 24 42 11 71 69 67 41 24 82 7 68 26 5 56 92 87 59 26 57 54 75 73 9 28 55 48 65 15 61 13 28 25 95 0 54 84 
57 32 78 59 56 23 56 8 45 17 100 100 99 78 30 44 44 79 15 84 71 81 27 95 59 71 90 25 20 39 17 3 39 17 92 40 96 77 91 98 24 10 60 76 18 77 10 75 2 12 4 56 83 64 7 87 45 87 57 43 83 52 23 38 65 95 26 42 77 3 77 20 71 36 36 38 81 12 85 13 59 60 44 2 21 61 28 5 6 41 
76 95 39 39 50 19 71 70 80 48 95 1 17 16 6 26 80 66 27 63 28 22 82 8 89 82 18 91 38 92 86 6 44 54 55 42 64 33 2 38 28 86 71 66 1 82 79 67 14 66 9 17 81 52 98 34 22 67 17 42 55 80 57 13 12 49 35 93 87 56 70 1 95 60 41 96 56 17 9 82 100 45 41 15 74 54 59 76 69 87 
56 37 37 98 35 7 57 97 63 41 24 47 41 13 3 67 60 77 15 95 97 58 77 59 64 71 63 41 67 74 65 88 44 3 9 92 34 41 62 92 88 86 51 53 98 48 4 75 43 8 16 72 91 10 17 49 11 27 44 29 85 73 2 20 65 2 98 82 92 44 92 57 29 55 75 98 32 92 3 19 58 6 75 60 15 44 9 8 15 86 
70 93 13 15 32 20 33 43 74 3 34 61 98 53 20 64 92 79 54 62 97 48 59 45 73 10 30 23 34 72 54 94 94 4 59 30 44 13 55 10 79 15 57 10 23 80 62 3 49 47 51 71 59 84 81 15 13 86 24 66 73 18 40 78 59 74 98 69 0 74 7 61 11 64 17 34 76 85 15 55 40 74 14 86 68 87 68 73 22 54 
60 44 30 93 46 84 3 92 1 39 39 91 4 81 57 51 98 41 5 25 29 67 22 10 16 6 90 87 13 14 58 91 33 12 44 59 6 62 100 73 95 28 86 96 21 33 15 44 34 33 6 3 87 90 68 50 63 27 95 79 11 49 34 37 85 96 21 92 98 28 69 82 7 16 44 21 61 80 43 96 89 12 60 58 30 20 66 72 19 51 
20 69 71 60 2 57 95 74 83 72 9 98 68 51 70 38 76 6 57 23 0 37 53 46 15 27 95 70 14 64 100 68 61 4 16 70 6 96 78 25 1 59 93 29 79 61 38 95 26 99 72 71 26 90 90 48 20 94 81 44 85 6 32 4 10 76 76 57 51 54 12 41 14 10 85 99 84 97 84 21 50 10 80 30 49 34 43 68 39 54 
99 43 55 43 4 71 50 48 12 64 17 100 16 0 100 81 25 80 21 47 66 7 69 52 57 57 79 17 13 1 5 79 38 94 85 36 23 83 8 97 19 2 30 61 88 5 94 25 37 30 3 50 39 30 5 62 55 51 86 7 41 83 64 58 35 84 67 62 37 65 64 29 90 41 9 87 39 31 24 58 31 82 87 5 19 25 23 72 40 100 
42 43 4 46 68 25 5 28 22 80 69 92 14 96 95 82 4 62 71 4 12 4 61 23 74 22 86 99 94 57 40 24 78 0 97 90 30 67 88 48 94 82 76 42 51 83 64 31 82 48 34 64 35 74 60 63 25 91 24 63 37 82 75 30 79 3 64 94 48 21 11 37 59 63 52 53 7 87 86 94 43 35 56 93 36 75 13 20 41 20 
49 76 23 43 29 22 41 29 62 95 39 59 42 7 90 54 74 97 56 30 18 47 33 39 23 90 24 75 87 82 35 10 53 12 50 96 69 62 47 74 54 74 16 65 60 17 4 85 27 94 49 89 44 10 56 90 34 5 49 12 59 67 37 91 15 15 34 79 45 23 27 98 1 41 83 58 46 15 3 52 6 30 85 82 19 85 21 56 46 43 
30 30 36 69 48 35 15 22 1 97 81 64 8 95 91 80 77 97 11 11 16 23 45 50 94 36 18 3 27 55 68 94 79 43 53 80 4 56 19 84 72 20 95 73 59 64 21 84 44 71 87 90 45 6 30 47 62 83 94 55 80 17 39 46 20 48 27 62 41 92 91 50 23 93 73 29 25 76 38 10 98 99 33 67 75 3 98 6 65 82 
79 60 41 41 86 63 70 50 91 43 41 39 70 20 64 94 42 33 41 12 96 82 68 54 5 37 61 53 13 50 35 65 45 92 82 78 28 30 92 15 67 69 31 3 81 8 6 93 78 2 18 56 26 8 35 0 83 60 27 71 91 8 67 66 34 32 0 31 85 25 56 45 17 43 84 69 34 33 76 26 8 73 22 60 12 100 95 64 66 29 
39 10 80 46 41 92 66 76 54 11 66 69 20 84 85 96 18 91 12 87 51 17 25 47 100 64 27 23 86 86 1 23 54 59 45 65 54 7 50 20 50 17 29 72 91 74 38 90 30 49 36 27 46 2 31 15 90 71 14 97 3 68 49 68 49 25 56 82 100 3 1 30 100 25 34 31 98 97 62 5 35 11 47 51 21 50 80 38 75 87 
63 17 23 66 36 50 75 38 42 26 45 12 88 78 21 14 4 13 33 16 55 25 68 13 54 82 4 68 47 30 91 91 35 45 44 59 96 83 44 74 72 27 62 83 59 53 55 74 84 25 97 85 27 85 31 11 86 9 18 71 11 90 100 30 10 77 76 6 60 27 2 87 90 25 33 90 83 19 76 20 43 44 30 17 60 86 12 61 46 95 
83 68 24 75 87 13 1 51 26 58 41 88 27 7 12 3 44 6 31 84 80 56 56 52 86 29 40 55 41 2 71 63 66 51 36 92 48 69 20 40 85 51 56 93 26 38 72 6 25 65 74 7 62 18 31 41 17 47 79 49 96 12 45 12 87 0 7 5 11 9 4 40 33 71 96 93 42 99 1 67 1 20 8 37 71 91 92 60 44 15 
58 33 79 12 5 55 56 51 7 44 52 58 90 99 29 63 48 21 51 9 18 90 46 18 66 99 17 38 26 16 64 44 17 2 45 6 35 28 93 39 91 39 82 100 29 66 46 51 62 45 100 40 81 27 85 87 52 10 50 24 51 92 9 81 9 3 45 70 23 15 32 2 21 47 21 60 64 94 17 42 65 85 21 66 84 47 97 29 93 88 
38 13 22 11 95 35 48 94 89 13 44 3 50 71 18 78 26 20 74 89 76 43 49 59 83 66 34 86 51 16 44 16 93 5 26 71 60 10 25 63 89 6 23 8 50 5 14 3 83 96 19 90 25 17 67 80 88 20 19 83 79 5 81 67 65 63 79 60 88 83 98 12 53 83 69 51 91 91 24 80 69 23 67 66 71 37 22 44 56 22 
0 68 5 33 68 20 74 91 16 54 83 90 42 3 80 37 24 22 85 65 63 59 42 59 70 81 35 97 54 15 26 93 3 0 54 34 84 82 56 45 65 1 43 59 82 26 45 96 93 80 6 57 12 8 60 10 61 32 2 61 50 21 22 41 89 81 69 45 10 66 64 63 57 45 30 58 58 64 18 30 88 76 3 28 59 18 81 80 71 50 
4 41 93 84 0 99 99 47 74 97 89 39 75 74 48 90 26 65 6 31 76 12 12 13 26 88 66 98 52 5 98 15 38 85 32 34 2 53 27 22 83 89 65 34 74 64 87 66 84 18 3 30 70 47 71 17 7 47 40 75 71 40 62 22 68 42 67 66 99 41 15 49 81 80 49 31 93 76 29 16 55 56 100 50 83 43 4 72 73 7 
64 5 29 86 89 59 8 12 13 69 10 24 33 46 100 3 7 8 83 61 39 32 100 57 65 51 89 95 43 7 19 43 44 92 1 85 60 36 96 84 53 4 41 67 14 8 96 62 84 50 35 90 77 95 72 94 55 66 34 100 73 23 35 83 59 79 40 45 59 43 56 95 49 20 85 86 78 100 53 40 56 82 47 18 83 86 22 47 23 84 
31 97 68 52 32 4 51 33 97 89 87 97 49 27 74 56 68 90 95 19 59 46 81 85 62 21 85 3 2 34 15 97 45 70 92 21 59 86 96 55 8 88 15 9 75 37 66 5 0 64 10 50 12 96 86 35 35 95 12 76 72 97 24 92 46 78 20 84 80 85 65 17 35 28 82 6 6 57 58 79 80 76 53 4 42 68 57 9 75 28 
50 33 84 32 20 3 38 10 6 91 93 41 4 48 5 86 33 78 100 7 62 65 1 98 70 69 95 78 0 86 62 1 85 84 73 61 73 32 50 72 28 78 51 40 67 77 89 71 37 45 79 10 89 27 90 79 80 68 69 6 54 66 70 66 32 23 92 75 11 77 14 6 100 11 42 38 75 24 18 98 51 34 83 81 96 37 55 45 8 67 
81 88 82 39 30 32 92 92 8 7 82 8 18 19 38 91 3 18 99 11 44 52 39 47 95 92 70 57 89 47 82 89 1 72 74 37 75 75 35 94 72 46 61 34 83 65 16 24 62 73 43 8 35 2 17 54 47 33 16 83 58 48 46 85 98 14 5 29 68 83 72 61 98 45 27 12 29 92 6 69 75 59 66 16 44 81 93 95 16 27 
26 22 61 25 47 59 77 40 31 28 85 22 24 80 81 22 49 61 15 55 92 15 61 84 55 71 97 13 66 33 6 76 12 65 75 41 52 88 2 5 40 97 25 88 49 68 76 53 70 67 87 75 91 51 75 1 43 88 20 51 42 87 6 23 5 50 44 7 68 43 52 72 10 20 2 69 12 14 40 96 79 38 57 93 3 74 98 16 3 81 
72 14 52 17 33 90 69 24 87 77 39 72 45 55 8 98 37 11 25 25 52 19 13 17 23 0 91 67 43 96 50 54 19 38 76 31 76 19 60 79 87 14 34 62 33 97 3 64 34 100 72 38 9 11 68 39 46 98 36 71 86 60 43 29 50 36 14 18 97 49 5 45 81 94 0 32 75 48 81 31 11 59 0 91 64 73 1 94 58 24 
97 44 36 26 90 56 55 30 30 83 79 55 65 1 43 5 59 11 50 43 75 73 90 81 59 39 75 68 61 86 14 91 60 43 75 90 30 89 38 35 24 100 69 85 66 100 55 2 49 91 43 56 7 0 59 15 48 51 80 80 98 38 47 75 11 61 49 77 79 86 21 31 43 85 37 59 59 21 51 81 49 47 67 96 42 100 46 11 32 16 
99 73 95 73 73 5 93 59 37 59 40 14 57 85 93 76 25 65 90 80 14 35 20 60 42 86 35 99 78 63 86 34 40 14 28 98 38 79 69 65 30 20 45 87 7 90 10 82 20 98 97 22 34 50 96 88 34 62 17 23 52 95 70 92 14 67 15 42 18 100 77 81 76 68 89 29 20 66 74 64 78 88 15 7 30 42 66 37 73 100 
2 94 14 6 66 0 38 81 7 22 11 39 17 39 93 42 70 87 79 81 39 18 95 11 17 42 98 37 99 12 59 55 90 49 79 15 94 16 39 4 97 62 83 9 28 48 42 34 17 43 98 57 78 81 80 92 6 21 52 48 75 29 23 88 43 6 45 95 18 19 37 28 4 86 46 12 1 28 5 83 56 60 17 11 96 45 83 81 98 1 
90 59 89 92 92 85 69 67 60 4 81 22 12 79 68 64 65 24 85 95 59 16 3 19 24 69 35 3 8 22 25 94 3 27 89 78 87 66 75 75 19 0 36 36 3 78 53 21 34 18 20 81 44 29 45 13 45 1 19 47 70 42 71 84 55 79 7 26 86 90 53 26 62 29 21 70 98 2 46 32 77 14 40 43 52 7 17 30 98 36 
52 57 67 34 40 44 0 1 30 1 54 17 72 53 63 18 51 56 28 72 98 59 76 41 41 68 65 73 47 41 91 35 9 92 31 78 62 35 1 76 90 35 3 76 95 17 47 13 67 41 88 37 14 70 42 26 19 6 29 31 34 84 89 28 27 54 81 75 55 48 64 49 89 47 82 70 94 43 49 26 39 10 96 54 74 85 38 10 46 45 
22 22 18 28 77 28 99 94 15 81 26 30 74 67 62 3 63 35 54 46 16 58 76 41 29 51 9 99 33 96 90 69 15 26 50 16 0 80 87 70 33 17 86 54 25 78 79 40 47 37 99 45 9 25 62 55 59 4 45 37 42 70 94 7 82 72 35 1 43 64 30 81 14 85 22 45 39 82 62 41 33 4 2 55 15 71 80 60 88 59 
69 47 23 22 46 24 85 5 55 5 4 44 42 21 45 77 47 67 35 37 43 87 98 0 79 80 9 82 31 0 4 47 30 28 47 80 40 84 93 10 55 92 49 50 35 66 23 6 32 15 12 63 69 79 31 84 91 99 72 26 70 30 94 21 10 89 5 62 0 7 9 9 10 23 51 86 19 23 92 81 87 24 43 17 30 26 28 54 86 74 
44 26 3 78 71 27 96 94 16 70 25 7 7 80 11 24 40 87 67 83 27 40 8 2 1 90 28 0 35 31 57 16 76 9 96 76 16 64 56 72 19 3 3 16 12 38 48 85 21 23 11 64 68 70 27 55 23 80 59 35 16 26 54 87 71 50 73 76 93 24 49 96 27 14 18 35 95 40 23 29 0 25 99 76 26 16 49 51 77 63 
82 42 69 89 22 14 36 84 39 5 49 31 19 11 64 30 27 55 22 48 47 74 32 21 52 48 31 16 63 75 50 2 97 91 9 87 21 96 95 35 62 3 90 77 18 10 51 59 22 56 0 54 13 90 96 83 36 39 78 78 45 27 33 36 99 62 31 86 47 81 18 47 84 81 34 20 33 21 84 43 87 73 11 80 21 94 78 97 91 56 
67 84 47 19 3 8 67 76 66 45 9 24 21 76 27 19 1 25 43 57 87 38 49 79 4 62 55 98 10 38 90 54 85 1 2 29 3 40 6 4 65 100 99 98 2 34 65 40 2 15 12 5 24 63 12 16 4 94 90 68 67 45 100 54 13 85 81 23 13 99 15 75 44 38 46 40 98 63 86 36 90 11 35 72 79 5 38 2 52 45 
96 83 65 40 73 18 49 70 2 60 68 79 8 83 79 27 87 32 80 96 59 56 37 80 39 21 52 34 96 78 74 59 94 78 97 3 75 21 12 63 64 0 29 15 88 46 13 32 0 70 14 34 87 70 30 35 85 36 48 26 71 18 78 95 28 93 91 72 2 63 2 72 28 49 8 33 74 11 76 51 73 80 37 37 42 79 11 45 67 23 
23 83 86 43 10 66 14 91 61 58 29 0 30 74 8 61 4 14 44 44 98 27 60 85 52 11 50 55 57 12 8 82 83 68 28 68 54 13 10 26 97 17 22 4 94 63 66 26 21 24 98 58 65 84 42 20 97 11 45 23 23 94 84 84 26 72 40 0 34 25 28 18 44 81 88 53 81 46 58 0 40 21 21 2 7 39 41 1 35 30 
4 76 32 44 44 56 60 6 35 60 79 46 87 57 86 54 82 80 5 73 15 63 57 67 50 99 28 88 80 75 87 16 31 82 54 69 5 12 4 35 72 37 85 36 96 9 93 98 31 30 93 61 45 55 67 66 19 81 20 41 45 79 65 8 88 66 91 64 57 1 96 36 31 94 42 89 17 80 33 73 44 72 34 31 80 80 11 77 49 21 
51 85 55 35 93 83 76 62 43 52 84 42 47 63 51 80 51 45 40 71 50 79 41 58 24 100 26 37 83 25 34 49 15 44 48 27 13 18 50 73 2 94 48 20 71 76 41 83 74 73 12 96 80 19 12 28 41 14 36 57 71 72 75 40 71 40 85 59 18 67 0 10 34 69 30 95 87 54 73 43 50 32 41 58 80 99 50 4 49 35 
78 13 14 93 80 55 33 13 6 16 73 11 54 85 41 38 42 26 31 63 99 87 49 97 15 68 24 56 45 79 9 48 21 74 43 2 61 14 48 29 79 85 5 78 53 9 36 98 48 71 82 64 10 7 49 95 16 96 48 38 66 21 68 16 72 94 49 46 9 41 10 66 36 81 50 7 69 83 98 33 91 34 16 63 68 95 33 45 64 56 
34 71 70 69 7 68 90 54 43 35 3 72 40 75 37 15 22 57 74 3 26 20 19 80 96 58 42 68 52 51 62 95 4 72 37 44 3 32 36 41 7 82 1 92 51 13 99 76 90 20 36 11 44 47 77 71 71 63 10 11 78 81 7 54 55 26 41 45 54 86 65 6 92 29 69 74 72 26 86 43 82 80 49 85 93 57 17 33 22 24 
62 10 72 4 68 24 77 84 56 24 29 79 1 83 67 37 14 23 33 51 34 53 92 89 34 14 68 13 17 36 20 23 72 64 99 99 30 24 75 94 70 65 15 28 67 16 23 59 3 94 88 45 34 17 55 62 34 80 22 86 55 81 98 81 62 98 53 65 61 8 22 41 53 94 63 33 100 19 0 10 68 19 60 3 82 95 79 25 88 42 
19 26 3 25 11 9 34 90 8 31 84 95 50 69 71 6 30 47 79 100 31 78 68 40 60 50 74 42 92 85 42 72 15 9 4 7 18 84 11 85 49 100 1 62 39 36 36 49 20 73 25 27 62 4 69 51 53 45 66 30 15 92 50 95 17 78 21 67 30 92 62 50 37 33 46 33 44 62 95 1 17 43 32 25 97 35 62 78 19 63 
53 26 49 86 49 5 97 69 18 79 63 12 24 3 16 21 44 34 72 81 17 75 39 77 43 68 14 91 48 86 71 52 38 70 83 89 63 17 15 58 94 78 98 55 18 46 14 77 10 19 10 0 65 73 89 89 94 65 13 91 76 4 49 19 18 94 4 76 74 75 3 84 29 39 38 95 8 10 19 55 88 17 100 29 65 31 47 69 59 71 
23 98 98 61 8 30 22 92 76 1 75 36 18 80 12 58 25 53 14 53 70 78 65 14 52 12 13 42 8 39 82 75 99 26 19 7 62 86 12 81 96 21 91 15 70 74 41 94 14 13 77 77 49 87 51 5 93 15 81 27 59 57 12 95 4 68 85 85 96 71 83 27 1 95 50 43 38 95 27 85 24 94 73 24 97 27 89 23 18 18 
46 8 45 84 29 65 12 45 19 27 32 99 6 98 4 8 47 38 76 34 43 28 38 78 43 45 21 12 92 14 8 7 66 75 51 50 23 75 63 44 48 39 64 58 84 83 15 80 43 59 18 63 66 83 86 32 6 57 34 32 1 64 62 28 67 82 78 74 23 60 15 82 83 25 96 99 46 58 8 65 41 3 40 5 95 94 46 80 93 47 
50 56 96 41 20 65 63 46 98 21 81 66 62 71 84 44 38 70 44 35 37 88 85 59 40 27 4 3 39 42 66 10 42 100 52 29 83 93 77 70 82 14 27 100 13 82 89 78 26 49 47 25 80 87 18 91 48 37 7 41 47 27 52 63 68 87 17 76 36 21 30 76 41 78 17 15 15 57 24 85 55 55 72 50 27 44 99 30 80 74 
46 98 25 13 88 66 88 52 40 94 37 35 33 98 33 68 97 80 63 37 22 35 78 14 86 59 40 4 4 80 43 26 82 10 94 20 27 66 79 19 62 9 83 59 64 68 60 90 80 20 49 25 13 42 99 100 63 93 42 83 79 15 15 73 19 91 54 69 94 67 81 53 46 38 17 41 9 2 63 68 81 51 32 54 40 68 77 23 78 21 
43 97 17 43 45 51 62 63 98 90 14 36 84 47 65 56 38 61 27 98 61 22 64 46 37 95 46 72 72 56 48 91 99 18 67 6 77 32 88 24 27 81 60 43 77 30 40 60 8 51 56 72 28 21 5 69 5 17 44 96 65 33 51 36 49 7 47 86 79 19 83 3 29 35 33 51 27 97 86 33 47 73 55 8 85 45 100 10 64 80 
54 32 59 53 49 54 94 46 41 61 11 26 37 25 25 22 57 67 30 31 11 83 35 100 99 33 12 21 76 76 26 99 74 27 25 27 49 92 93 93 64 57 73 17 35 72 99 0 26 75 49 17 69 76 25 14 56 15 33 95 45 30 51 8 93 70 89 84 22 87 78 16 89 69 73 58 10 94 39 35 68 97 52 94 88 61 24 19 51 1 
51 76 3 21 19 43 84 97 80 39 77 68 34 44 48 59 97 15 22 7 15 69 17 84 59 83 80 11 93 12 19 2 80 35 27 77 17 71 67 6 11 74 71 16 10 51 37 89 75 78 71 53 70 14 14 36 80 55 46 31 89 28 98 46 94 26 56 2 70 67 16 61 40 34 27 40 10 80 23 45 35 67 89 95 28 40 74 45 87 70 
0 76 47 89 93 78 92 86 86 80 66 54 100 27 11 39 74 9 5 3 77 99 41 24 23 16 49 55 55 74 54 54 94 15 20 28 4 23 3 37 82 43 72 35 15 98 63 93 82 29 94 13 18 37 72 83 29 23 23 68 18 35 30 20 13 71 62 51 17 51 52 100 62 46 84 59 62 77 19 32 96 41 90 22 0 85 87 57 17 93 
8 44 82 50 75 92 73 16 61 44 70 76 100 31 85 30 31 19 93 41 30 65 14 77 54 27 87 5 96 64 31 38 90 42 87 95 5 50 80 82 97 91 71 35 15 53 4 97 80 19 18 54 65 30 10 86 12 55 69 73 45 4 25 48 92 11 92 38 17 11 83 15 10 17 85 23 85 46 24 46 18 100 8 84 78 8 8 73 51 20 
46 75 64 58 17 69 78 48 38 100 13 70 20 100 59 76 9 38 96 68 2 39 33 77 51 39 57 95 84 57 32 67 7 75 40 81 84 22 54 84 31 44 18 89 25 44 34 86 16 12 35 15 80 89 92 88 46 1 16 95 70 11 65 65 45 88 57 84 10 34 69 17 92 25 8 99 87 5 58 39 29 64 51 49 13 91 6 97 68 36 
89 4 66 46 73 22 74 66 44 26 63 74 1 7 57 69 73 49 89 43 81 59 88 38 95 2 54 78 83 61 73 43 81 18 33 43 4 100 59 90 30 81 85 34 4 79 72 44 29 96 23 58 6 10 85 45 78 12 76 87 47 1 49 81 100 80 58 74 5 51 27 28 56 80 81 73 79 10 53 81 53 68 90 0 90 11 54 33 94 41 
29 10 72 83 69 4 75 32 75 17 58 5 3 24 55 31 14 53 2 89 67 11 10 38 74 39 29 62 0 60 78 3 37 90 35 9 29 55 15 36 65 61 73 3 93 15 100 88 97 1 12 76 43 6 64 26 45 52 4 29 36 75 15 62 74 19 55 30 65 78 13 93 21 11 37 96 46 33 19 49 45 69 45 37 93 47 87 62 0 76 
25 80 7 0 51 42 87 40 87 95 90 35 28 27 65 91 88 6 28 43 21 35 4 8 69 66 58 11 54 31 70 85 17 32 99 40 72 63 98 86 86 22 88 5 15 67 60 5 84 74 46 97 67 20 30 100 32 25 57 40 63 12 45 57 2 92 8 36 55 1 83 22 38 47 92 12 55 53 39 54 66 40 94 22 42 30 96 18 26 77 
79 38 15 39 2 84 11 63 8 8 37 64 89 62 14 15 28 7 9 55 84 48 92 88 21 61 24 19 55 99 69 61 16 37 16 33 14 97 5 75 41 44 86 13 78 35 42 34 92 77 46 80 19 47 73 35 91 4 45 1 56 51 15 23 30 66 91 32 64 42 71 96 3 1 20 43 47 90 15 17 24 4 11 0 22 99 6 86 26 19 
68 6 8 8 45 86 52 63 0 8 96 86 88 58 17 74 73 53 59 22 75 79 41 72 55 29 39 87 5 39 44 60 64 91 26 8 55 55 1 83 81 99 2 27 58 67 5 34 95 28 79 40 60 64 7 22 4 97 29 8 54 54 40 41 43 99 63 95 92 44 71 59 43 45 76 52 88 28 28 55 83 25 85 73 81 8 5 28 54 66 
100 9 76 30 17 78 17 81 59 57 10 63 59 86 24 46 30 53 29 95 89 42 40 13 30 67 86 56 77 56 63 76 9 67 73 84 35 26 30 70 12 2 79 70 52 2 18 65 58 85 29 59 20 86 74 17 65 20 89 88 67 95 1 87 2 69 79 58 9 14 16 9 62 70 14 27 21 70 80 96 40 81 51 89 29 3 53 81 33 67 
82 52 38 90 70 73 18 50 78 24 54 91 18 82 18 41 86 84 51 15 82 40 91 34 39 39 32 48 19 69 58 100 35 66 1 56 68 51 64 73 5 0 10 19 58 88 35 46 60 22 20 81 50 57 100 98 84 24 62 59 21 31 79 21 99 27 91 55 92 98 78 74 24 38 39 34 71 40 97 12 39 37 27 15 81 73 51 26 21 69 
27 49 67 89 9 82 70 3 38 0 61 5 19 17 80 38 66 14 100 22 43 23 44 82 66 94 73 57 68 26 90 43 7 37 83 77 49 85 81 70 55 72 18 13 79 56 55 62 44 36 84 77 48 54 83 7 19 6 39 0 8 49 67 56 63 33 5 37 63 73 28 85 33 18 7 14 32 51 91 78 21 55 70 98 53 10 38 86 79 58 
1 63 3 37 90 74 10 42 87 45 41 56 26 9 68 28 30 73 28 90 10 2 83 22 75 47 40 4 82 51 68 64 79 12 40 32 16 60 41 77 95 70 61 42 83 4 20 38 55 95 73 93 42 39 46 9 53 6 17 57 26 51 30 20 62 88 35 6 75 19 74 41 26 72 14 99 11 2 60 100 7 86 19 66 38 98 85 80 18 50 
35 17 53 29 83 71 16 38 29 2 56 85 71 75 30 49 9 39 31 22 72 62 86 88 26 35 10 74 74 1 44 76 86 46 51 13 98 9 68 100 16 34 76 57 98 52 82 32 14 2 9 95 66 68 63 52 5 32 53 1 71 65 91 58 85 76 80 0 20 61 60 85 12 83 39 90 36 90 98 14 60 88 60 36 43 14 60 7 76 59 
10 95 87 33 90 56 34 12 74 88 51 53 37 87 12 44 67 45 99 20 29 85 44 20 25 86 23 48 21 5 7 17 7 55 1 11 100 57 37 28 87 50 32 41 1 52 81 51 88 74 67 62 89 13 28 38 46 73 17 2 18 14 68 17 70 40 52 3 30 27 97 76 4 61 56 60 60 48 62 57 17 83 100 19 83 35 33 69 71 16 
88 63 85 98 3 21 22 53 39 52 96 71 63 100 97 82 76 87 5 12 15 65 43 99 29 9 19 89 25 51 61 81 71 23 94 96 33 21 56 66 1 60 78 23 16 96 7 95 40 60 54 53 39 2 85 43 82 80 5 82 9 88 15 50 82 85 55 55 4 43 27 75 45 25 57 90 59 76 33 30 56 1 48 62 86 0 68 53 72 17 
81 21 81 29 12 82 9 66 7 86 58 77 60 3 71 41 9 77 25 16 60 63 59 61 47 7 32 51 20 38 59 3 67 74 32 89 90 34 43 2 63 51 72 36 3 43 91 82 7 25 70 23 89 31 17 92 78 52 22 79 55 15 67 89 98 89 58 14 96 49 22 45 14 43 88 24 67 86 96 92 83 76 14 3 12 88 44 2 56 72 
47 48 47 94 70 81 48 11 7 96 81 1 76 74 4 26 94 7 4 16 65 3 2 71 68 80 9 49 86 57 14 98 51 76 87 18 36 61 97 62 7 64 86 72 74 38 57 12 70 37 82 45 80 57 23 41 34 85 74 43 70 98 71 81 33 43 10 76 100 52 30 34 1 42 95 46 19 53 78 25 27 16 41 68 27 1 86 79 46 85 
28 34 16 30 20 18 9 5 4 51 3 29 44 27 69 82 38 39 49 61 48 56 86 30 66 98 10 68 9 55 12 1 34 87 82 63 98 23 61 90 65 82 99 7 46 11 38 46 95 14 29 52 71 93 79 51 41 50 64 0 11 47 87 32 53 87 82 34 48 14 60 85 68 5 94 97 31 75 77 79 73 86 38 2 90 5 21 20 45 99 
56 90 2 88 32 0 5 17 25 55 73 73 69 70 87 37 18 55 32 43 44 75 1 55 44 91 94 64 81 53 36 92 62 24 36 67 47 57 9 25 61 90 37 9 14 80 55 1 83 2 1 81 18 72 70 22 12 47 44 62 9 12 15 5 3 23 43 20 30 13 98 57 47 72 23 80 3 81 94 81 26 3 8 18 20 49 46 96 31 66 
16 38 57 93 59 4 90 45 68 35 43 38 0 15 17 7 57 66 86 93 92 97 9 8 89 80 74 24 31 25 31 94 24 94 64 70 93 93 83 81 69 80 90 39 44 41 52 57 99 43 45 4 91 67 28 11 71 71 17 67 92 72 43 77 44 60 24 16 1 46 47 73 22 54 42 77 51 34 32 3 97 74 66 31 56 66 85 98 7 8 
79 41 16 53 22 33 53 58 69 31 45 84 58 32 67 56 77 13 37 70 18 28 1 83 8 54 57 48 32 63 30 0 100 4 7 60 71 24 90 25 21 7 76 10 91 58 4 82 34 14 57 22 48 28 5 49 89 97 73 5 16 54 10 4 88 17 59 34 52 32 44 36 0 31 30 98 94 85 51 41 32 95 57 76 53 50 66 31 87 88 
100 31 61 20 2 37 22 52 54 94 4 26 86 20 43 96 17 50 34 23 64 96 86 88 84 57 74 55 12 96 76 21 32 3 80 21 79 63 62 42 41 2 41 51 77 38 94 95 100 91 52 19 8 55 18 34 48 32 74 66 72 80 43 88 23 55 75 68 49 84 41 66 99 1 11 69 58 48 88 91 41 21 34 72 69 33 46 20 46 42 
36 66 71 22 11 23 8 69 37 27 15 49 86 64 45 59 50 84 87 1 11 100 79 1 36 97 17 34 83 39 59 73 54 2 47 36 32 79 26 10 2 95 83 63 59 18 46 97 95 89 43 36 53 2 92 96 33 43 75 55 72 67 38 89 50 36 5 71 58 49 33 24 26 54 88 73 75 4 6 55 50 81 36 65 96 49 79 42 76 50 
25 19 6 19 72 87 31 94 86 25 62 76 99 10 7 74 98 47 88 67 89 33 13 9 14 49 58 39 19 29 95 36 64 32 50 82 5 0 95 15 72 85 40 14 76 15 31 62 86 59 98 39 58 18 48 44 31 59 28 78 49 91 45 45 57 93 37 56 52 41 38 97 98 92 67 20 97 100 13 55 87 8 71 68 65 65 80 37 41 3 
65 30 83 87 96 11 84 61 12 71 29 58 73 42 30 86 12 50 48 45 68 66 73 26 65 41 93 2 52 99 73 4 49 84 30 79 34 10 46 56 12 48 24 35 34 7 94 89 84 43 17 77 83 72 61 49 98 21 17 61 32 10 64 7 19 91 80 32 87 83 62 93 0 21 32 38 82 58 47 10 14 41 32 24 41 83 49 14 83 50 
86 22 45 39 13 39 77 50 56 93 93 17 15 47 54 27 92 5 18 35 79 61 68 65 79 63 41 12 18 59 2 60 94 38 96 9 73 8 16 61 82 18 57 44 80 13 49 70 4 21 68 81 75 31 29 50 21 9 42 33 17 95 10 56 47 26 97 96 90 23 38 6 0 60 75 9 75 93 50 79 82 68 10 70 10 75 18 3 67 50 
61 7 72 89 33 42 46 22 25 53 77 51 38 67 37 86 59 84 48 19 30 94 35 20 44 100 38 62 29 19 26 2 7 5 68 44 85 96 31 93 1 31 87 50 79 65 1 5 0 32 41 5 32 19 3 53 66 32 19 90 68 48 48 74 74 63 1 1 35 79 30 23 3 23 81 23 61 57 10 44 6 4 66 50 12 99 35 12 95 82 
16 19 40 20 97 10 6 33 23 17 86 73 88 16 4 39 22 24 11 10 91 76 64 59 49 3 37 96 53 4 60 0 63 76 40 41 59 0 67 46 53 59 68 51 67 53 38 80 79 66 60 28 30 82 61 38 51 71 36 76 1 98 17 54 43 69 43 40 54 45 4 8 57 87 26 54 92 26 89 18 71 0 75 2 78 32 70 80 78 1 
20 81 64 86 34 58 60 70 67 23 49 84 39 89 72 58 65 57 93 18 25 53 12 74 3 25 16 80 15 29 66 34 15 5 62 45 48 23 92 33 15 52 45 81 87 43 100 48 76 73 18 50 46 84 56 35 12 69 67 88 17 15 35 29 89 13 39 7 62 6 50 5 42 19 45 28 63 47 38 34 81 65 19 23 87 48 94 64 97 60 
48 70 45 89 90 90 31 57 42 41 60 96 7 78 18 71 61 46 49 91 95 65 93 88 21 82 58 43 11 30 40 18 84 0 67 9 44 44 49 73 97 34 90 39 63 71 97 45 29 89 12 82 56 54 57 44 10 60 69 93 35 2 62 8 80 25 71 30 15 41 64 96 36 93 22 40 37 46 28 61 86 46 86 95 96 8 44 10 61 79 
14 31 67 28 59 60 26 68 42 6 39 91 1 5 96 46 51 78 83 51 11 85 72 73 20 7 60 37 68 66 90 14 34 84 65 8 86 50 68 27 42 24 66 10 100 2 20 93 16 99 10 96 78 46 23 77 18 35 100 34 87 80 50 94 16 24 65 13 1 17 54 36 71 55 7 79 15 72 15 0 42 65 9 33 24 6 14 11 3 8 
53 50 92 42 90 28 51 69 82 53 5 20 28 63 20 22 28 36 97 3 16 49 98 2 70 35 29 31 87 10 50 25 28 65 47 85 43 36 4 97 15 95 80 21 4 16 80 99 98 68 68 84 30 69 99 65 57 52 20 65 72 25 40 96 54 8 43 45 7 27 27 64 13 32 17 84 40 14 48 30 17 3 4 91 80 86 23 89 50 56 
76 11 90 41 36 92 71 84 52 24 1 67 74 46 77 4 40 46 10 85 74 58 34 73 7 64 85 87 48 40 87 47 76 43 96 88 46 43 22 66 57 60 12 12 32 92 58 66 82 93 6 65 29 63 16 79 66 47 54 38 46 3 70 89 40 1 48 32 75 96 31 93 37 18 45 58 94 91 8 80 95 15 40 25 1 35 70 55 72 77 
58 32 50 45 74 52 35 37 52 63 27 62 10 26 35 24 30 85 96 86 32 52 76 64 73 1 80 94 60 63 59 52 28 43 36 53 82 62 82 74 81 32 65 2 67 10 99 5 76 40 91 25 48 53 82 86 73 38 100 92 7 40 69 43 17 80 92 42 17 30 32 4 33 6 88 7 2 20 69 77 67 46 25 96 47 80 68 69 51 21 
75 75 76 41 70 99 4 77 82 96 18 17 33 66 49 88 35 89 71 8 88 42 72 13 1 63 1 17 51 64 9 29 35 51 55 91 56 32 61 23 13 96 46 48 76 34 25 78 73 75 88 90 40 1 82 71 10 27 5 60 32 11 61 22 58 18 98 24 83 17 34 69 31 91 76 0 5 36 34 47 6 34 41 66 13 12 32 41 89 16 
11 66 66 96 75 16 76 9 64 24 10 81 68 85 69 32 96 58 26 19 46 74 14 53 72 14 80 37 82 81 39 49 26 38 63 68 64 68 21 37 34 92 25 71 58 35 56 28 18 1 66 3 13 66 54 95 24 16 58 99 65 55 71 46 77 29 49 96 63 49 91 65 7 83 5 62 77 51 95 82 89 23 85 59 31 85 57 2 45 67 
69 18 55 38 97 34 8 99 29 4 22 15 22 97 46 28 1 51 8 50 97 43 16 2 18 91 26 51 77 35 48 40 26 75 48 98 24 58 78 5 60 86 15 22 21 84 48 13 14 5 34 15 59 43 55 70 5 19 46 77 89 43 31 52 44 37 86 2 1 51 40 12 54 64 65 66 59 49 51 31 10 66 97 76 35 45 68 80 47 11 
9 92 40 37 42 94 84 66 49 47 45 81 88 5 91 41 29 22 41 20 29 20 31 80 47 46 74 1 93 75 86 3 70 96 29 77 48 53 15 68 19 21 70 92 43 74 21 55 88 89 79 43 99 48 46 41 28 40 73 46 10 46 94 12 5 43 18 76 24 83 98 3 42 100 63 38 92 98 95 97 57 3 89 63 28 9 95 52 95 16 