1 0.37693 0.659186 0.518797 1.13101 0.250911 0.915518 1.10587 0.994303 1.13 0.155531 1.17418 0.917225 0.516217 0.0868785 0.720053
74.319 -48996.7 62.7092 81.8574 82.7887 83.7634 66.0527 83.4584 64.3269 33.3791 44.6345 75.6737 26.9665 3.6367 75.8957 85.3357
0 92.1377 0.4376 73.1376 2.6331 33.2815 69.0623 23.7371 78.5074 2.1234 92.2129 6.5675 94.4894 19.6015 52.2415 91.9123
0 69.2844 1.1912 44.5222 34.0808 1.3256 34.8224 65.7001 84.7727 98.6771 3.0214 64.4701 89.0002 0.4626 1.3361 71.4758
0 37.5156 80.2702 89.4665 45.7672 22.5269 27.7884 64.6884 40.0224 42.5342 66.7304 89.6201 44.5058 0.8805 38.6256 5.9524
0 17.3481 55.4595 10.3393 75.9395 42.774 13.3337 52.4296 98.0165 56.7553 39.8849 85.4578 94.8543 67.7155 79.2107 39.3299
0 25.1651 59.6969 30.3798 25.2478 76.9367 3.8377 99.6244 56.0246 90.1332 32.8976 63.1972 62.684 49.047 81.5232 33.2566
0 65.5631 22.8318 47.4844 56.9443 5.8739 50.6851 60.849 57.1609 43.9738 78.741 16.8721 77.4482 74.2782 51.9554 92.8889
0 36.8766 92.5225 9.965 14.2292 62.7556 52.3012 61.3736 76.1518 42.8239 13.2506 8.1234 98.7325 95.6514 63.4748 78.7021
0 6.1351 62.0694 72.5242 78.903 22.2709 22.8263 12.9638 3.2343 82.2676 5.8797 28.5205 39.1658 26.9032 25.633 37.8745
0 90.5082 96.9704 86.4545 82.448 93.891 23.2739 69.806 29.3253 12.5971 67.0266 53.1052 51.5636 31.586 58.3489 8.9596
0 86.6785 84.4563 23.4793 5.2535 89.7777 32.2404 48.1128 6.529 38.5946 72.5114 80.5832 64.0896 66.6297 3.4167 62.9407
0 4.1584 61.9449 16.0952 41.4932 62.7502 8.5787 17.7599 1.2983 6.1532 87.9527 66.2593 59.2807 45.3867 41.0185 2.3011
0 83.4031 69.8353 44.3277 81.844 73.4588 14.0081 80.453 71.9318 54.1719 63.8881 95.3064 98.3326 51.8166 22.9272 23.9789
0 25.1972 60.5038 92.5896 64.092 54.7863 18.851 20.6372 97.4883 46.543 60.2734 68.8366 67.717 33.566 42.8016 92.3562
0 78.4165 90.2769 29.5404 84.9093 5.9618 54.3263 45.6901 92.2002 33.9001 27.8505 9.0099 7.0513 62.0942 4.9326 48.0063
file: 16.in result: 0 repeat: 1 avg-time: 0.000002863000 s
1.000000000000 0.376929879189 0.659185707569 0.518797039986 1.131005764008 0.250910669565 0.915517807007 1.105867624283 0.994303047657 1.130001544952 0.155531287193 1.174180746078 0.917224884033 0.516216635704 0.086878538132 0.720052778721 0.918009221554 1.099391341209 0.774601697922 1.011125683784 1.022629261017 1.034669041634 0.815901517868 1.030901670456 0.794583916664 0.412308067083 0.551337897778 0.934742808342 0.333097785711 0.044921543449 0.937485039234 1.054090619087
88.112098693848 -64294.261718750000 0.437599986792 73.137603759766 2.633100032806 33.281501770020 69.062301635742 23.737100601196 78.507400512695 2.123399972916 92.212898254395 6.567500114441 94.489402770996 19.601499557495 52.241500854492 91.912300109863 20.439100265503 69.284400939941 1.191200017929 44.522201538086 34.080799102783 1.325600028038 34.822399139404 65.700103759766 84.772697448730 98.677101135254 3.021399974823 64.470100402832 89.000198364258 0.462599992752 1.336099982262 71.475799560547
0.000000000000 37.515598297119 80.270202636719 89.466499328613 45.767200469971 22.526899337769 27.788400650024 64.688400268555 40.022399902344 42.534198760986 66.730400085449 89.620101928711 44.505798339844 0.880500018597 38.625598907471 5.952400207520 28.611000061035 17.348100662231 55.459499359131 10.339300155640 75.939498901367 42.773998260498 13.333700180054 52.429599761963 98.016502380371 56.755298614502 39.884899139404 85.457801818848 94.854301452637 67.715499877930 79.210700988770 39.329898834229
0.000000000000 25.165100097656 59.696899414062 30.379800796509 25.247800827026 76.936698913574 3.837699890137 99.624397277832 56.024600982666 90.133201599121 32.897598266602 63.197200775146 62.683998107910 49.047000885010 81.523200988770 33.256599426270 2.867399930954 65.563102722168 22.831800460815 47.484401702881 56.944301605225 5.873899936676 50.685100555420 60.848999023438 57.160900115967 43.973800659180 78.740997314453 16.872100830078 77.448196411133 74.278198242188 51.955398559570 92.888900756836
0.000000000000 36.876598358154 92.522499084473 9.965000152588 14.229200363159 62.755599975586 52.301200866699 61.373600006104 76.151802062988 42.823898315430 13.250599861145 8.123399734497 98.732498168945 95.651397705078 63.474800109863 78.702102661133 74.844703674316 6.135099887848 62.069400787354 72.524200439453 78.902999877930 22.270900726318 22.826299667358 12.963800430298 3.234299898148 82.267601013184 5.879700183868 28.520500183105 39.165798187256 26.903200149536 25.632999420166 37.874500274658
0.000000000000 90.508201599121 96.970397949219 86.454498291016 82.447998046875 93.890998840332 23.273899078369 69.805999755859 29.325300216675 12.597100257874 67.026603698730 53.105201721191 51.563598632812 31.586000442505 58.348899841309 8.959600448608 77.223098754883 86.678497314453 84.456298828125 23.479299545288 5.253499984741 89.777702331543 32.240398406982 48.112800598145 6.528999805450 38.594600677490 72.511398315430 80.583198547363 64.089599609375 66.629699707031 3.416699886322 62.940700531006
0.000000000000 4.158400058746 61.944900512695 16.095199584961 41.493198394775 62.750198364258 8.578700065613 17.759899139404 1.298300027847 6.153200149536 87.952697753906 66.259300231934 59.280700683594 45.386699676514 41.018501281738 2.301100015640 71.904502868652 83.403099060059 69.835296630859 44.327701568604 81.844001770020 73.458801269531 14.008099555969 80.453002929688 71.931800842285 54.171901702881 63.888099670410 95.306396484375 98.332603454590 51.816600799561 22.927200317383 23.978900909424
0.000000000000 25.197200775146 60.503799438477 92.589599609375 64.092002868652 54.786300659180 18.850999832153 20.637199401855 97.488296508789 46.542999267578 60.273399353027 68.836601257324 67.717002868652 33.566001892090 42.801601409912 92.356201171875 12.628999710083 78.416496276855 90.276901245117 29.540399551392 84.909301757812 5.961800098419 54.326301574707 45.690101623535 92.200202941895 33.900100708008 27.850500106812 9.009900093079 7.051300048828 62.094200134277 4.932600021362 48.006301879883
0.000000000000 15.680600166321 68.342903137207 3.595999956131 37.462501525879 32.188400268555 83.577301025391 70.670997619629 60.879100799561 69.785896301270 4.633699893951 98.121597290039 30.557800292969 65.201599121094 43.111099243164 54.572299957275 56.475299835205 63.478599548340 86.029403686523 5.837399959564 11.035300254822 26.253000259399 74.863899230957 16.391399383545 78.816001892090 18.594900131226 79.507003784180 25.250099182129 85.260498046875 83.616203308105 50.074001312256 71.322700500488
0.000000000000 10.337400436401 61.108299255371 24.592399597168 8.715700149536 46.794399261475 3.350100040436 54.475799560547 63.003299713135 9.709300041199 19.212699890137 22.636899948120 27.109699249268 61.446201324463 41.344100952148 27.878099441528 72.375701904297 26.767599105835 0.780799984932 38.407501220703 14.075099945068 74.462097167969 74.297996520996 64.870300292969 36.697101593018 27.397300720215 65.760002136230 4.145400047302 41.543498992920 67.232299804688 7.036900043488 57.654300689697
0.000000000000 0.848299980164 95.402603149414 25.894899368286 11.625800132751 0.143299996853 45.107799530029 71.101501464844 30.561399459839 99.602203369141 9.212400436401 16.233100891113 1.940799951553 41.362701416016 96.837196350098 66.482498168945 80.133300781250 40.918800354004 79.220901489258 53.989898681641 3.076600074768 60.534500122070 2.507600069046 27.650100708008 58.587299346924 81.071403503418 9.584600448608 82.434501647949 3.967099905014 9.488300323486 95.723899841309 26.462400436401
0.000000000000 71.692596435547 8.161700248718 66.615501403809 91.884902954102 46.129199981689 59.429599761963 28.074499130249 84.487602233887 83.627601623535 17.821199417114 58.686698913574 85.627502441406 1.153100013733 45.186698913574 51.742401123047 56.612800598145 64.513099670410 57.016998291016 6.740499973297 95.232200622559 64.757400512695 40.581298828125 10.196900367737 81.964302062988 12.983499526978 70.021202087402 74.828903198242 7.118999958038 25.185899734497 9.748600006104 63.812301635742
0.000000000000 95.660003662109 54.159400939941 6.076200008392 52.148998260498 35.894298553467 78.642402648926 33.695598602295 13.385299682617 79.895301818848 33.410999298096 34.192699432373 73.890800476074 98.272598266602 1.557100057602 18.461299896240 27.765600204468 83.967399597168 32.180198669434 12.766799926758 37.930999755859 95.253898620605 18.423700332642 51.407100677490 7.113500118256 70.654602050781 85.218498229980 4.005499839783 63.707801818848 28.882900238037 18.045799255371 79.078697204590
0.000000000000 47.173500061035 66.979400634766 44.445499420166 9.277000427246 88.916900634766 48.486698150635 42.900398254395 21.060400009155 1.266299962997 92.519401550293 36.653400421143 52.951499938965 48.235000610352 67.944297790527 53.646900177002 64.309600830078 22.322399139404 98.121299743652 88.876197814941 25.308000564575 96.044403076172 49.339900970459 47.595199584961 94.356903076172 80.895202636719 44.521900177002 38.673900604248 1.928799986839 52.688800811768 35.660301208496 72.280998229980
0.000000000000 85.598297119141 31.839799880981 14.126999855042 99.185699462891 67.177497863770 39.871299743652 57.244701385498 79.816802978516 2.027600049973 99.188697814941 68.455497741699 17.264799118042 53.051998138428 69.246101379395 64.752899169922 76.278396606445 30.411899566650 59.565898895264 15.705499649048 53.062301635742 77.334098815918 19.098400115967 21.833299636841 5.679299831390 84.811897277832 1.910899996758 62.127399444580 40.357799530029 74.685501098633 14.793000221252 50.716400146484
0.000000000000 52.053699493408 72.485702514648 1.115300059319 68.200302124023 57.889198303223 62.621299743652 19.947099685669 3.067600011826 98.821098327637 83.663002014160 79.347702026367 48.505401611328 96.909400939941 54.753601074219 98.258201599121 78.322502136230 51.228401184082 15.072199821472 62.843200683594 87.460098266602 33.486499786377 87.337699890137 24.275400161743 21.407800674438 45.513099670410 87.492301940918 19.701700210571 19.963499069214 69.871803283691 59.038101196289 97.142402648926
0.000000000000 55.999900817871 77.752296447754 38.228401184082 41.738201141357 78.270698547363 99.185600280762 36.045101165771 43.016601562500 99.336700439453 45.676300048828 89.210296630859 10.295900344849 99.799797058105 77.631401062012 45.180698394775 11.779000282288 75.899597167969 80.324600219727 1.579399943352 79.107498168945 21.410299301147 6.078599929810 70.356101989746 14.228500366211 73.702003479004 30.733699798584 11.595700263977 37.369899749756 11.837100028992 87.541496276855 64.549697875977
0.000000000000 32.175201416016 42.990299224854 84.017997741699 23.750000000000 53.945400238037 57.095001220703 18.419700622559 93.663497924805 54.034099578857 72.332496643066 18.234899520874 9.589900016785 40.061698913574 25.577800750732 88.111099243164 14.264900207520 96.666496276855 85.236602783203 98.724502563477 35.488601684570 96.289398193359 45.573699951172 36.635700225830 63.486000061035 41.658798217773 96.243202209473 53.853801727295 67.843902587891 52.999298095703 91.746002197266 59.839599609375
0.000000000000 81.031898498535 18.622299194336 88.549896240234 96.924301147461 27.871500015259 86.028900146484 69.984802246094 94.043701171875 69.850502014160 0.898299992085 22.185199737549 80.626701354980 58.221500396729 17.409500122070 83.189102172852 87.229103088379 42.808799743652 20.431800842285 95.999496459961 10.920599937439 28.825799942017 63.074798583984 97.834098815918 63.057098388672 22.154899597168 63.196498870850 19.954000473022 53.764598846436 36.618400573730 11.453599929810 92.229103088379
0.000000000000 73.183799743652 60.002201080322 36.253200531006 10.718099594116 73.196197509766 99.792999267578 94.319602966309 44.653301239014 99.269203186035 93.520797729492 4.124899864197 67.447097778320 54.379901885986 89.509597778320 1.585100054741 60.252300262451 78.688400268555 27.778299331665 69.519699096680 31.541299819946 94.488502502441 37.111999511719 15.447099685669 99.092597961426 17.898399353027 97.160499572754 31.754699707031 20.590599060059 75.554397583008 82.661201477051 45.364799499512
0.000000000000 5.184299945831 98.967102050781 25.110300064087 47.696399688721 29.715400695801 39.924198150635 74.976196289062 0.454299986362 60.260700225830 22.761400222778 83.663002014160 36.262401580811 52.736099243164 9.360600471497 93.142501831055 99.512001037598 29.298999786377 5.066199779510 38.517799377441 42.806098937988 85.244598388672 93.143302917480 62.960098266602 32.788398742676 25.168199539185 36.090400695801 56.067001342773 30.219699859619 80.030403137207 75.922500610352 25.900999069214
0.000000000000 20.825199127197 94.303001403809 14.059399604797 55.934501647949 37.074001312256 94.679000854492 48.151199340820 32.828201293945 46.901699066162 7.923699855804 92.360298156738 71.456199645996 29.398300170898 83.349700927734 6.688399791718 0.060100000352 74.422698974609 17.149299621582 61.108001708984 82.763801574707 24.482900619507 77.060699462891 10.245699882507 1.978199958801 83.349197387695 75.490097045898 82.705802917480 80.666099548340 30.100000381470 64.874900817871 68.211799621582
0.000000000000 75.407402038574 94.063796997070 51.727100372314 23.801900863647 97.935203552246 40.767200469971 90.722900390625 7.222000122070 12.784600257874 60.755798339844 62.993698120117 89.179901123047 93.743301391602 31.274599075317 86.725097656250 21.236900329590 88.173599243164 97.216102600098 91.627197265625 71.901901245117 49.853599548340 16.547399520874 8.210499763489 97.404296875000 29.381200790405 54.638999938965 24.938400268555 61.900699615479 57.103199005127 12.049099922180 65.831703186035
0.000000000000 55.475200653076 5.168300151825 77.939498901367 39.856300354004 11.708000183105 82.478302001953 74.722999572754 99.632797241211 45.910598754883 55.504699707031 97.276496887207 43.145099639893 19.941600799561 35.526500701904 96.662101745605 75.491203308105 98.725898742676 77.607200622559 54.381999969482 93.425796508789 55.930599212646 49.231201171875 19.230199813843 54.153900146484 51.463699340820 94.459999084473 13.427800178528 5.319099903107 11.900300025940 15.440899848938 64.590896606445
0.000000000000 16.791200637817 11.772199630737 68.500198364258 60.285800933838 79.060997009277 64.959098815918 60.850200653076 83.461898803711 83.119697570801 89.638198852539 64.571899414062 32.341098785400 59.056900024414 21.815000534058 63.119701385498 35.925701141357 8.768400192261 93.277496337891 14.488699913025 50.009601593018 89.029800415039 82.746002197266 59.252700805664 40.566200256348 86.592201232910 41.904899597168 61.802101135254 44.607101440430 37.582599639893 81.222198486328 5.282299995422
0.000000000000 73.752403259277 67.379699707031 21.089700698853 87.268898010254 30.902500152588 9.906200408936 25.833000183105 42.838699340820 66.044097900391 43.790000915527 13.103500366211 49.344001770020 72.793403625488 44.448200225830 18.822000503540 24.025699615479 55.240600585938 50.063800811768 13.538499832153 83.169898986816 33.621898651123 30.770700454712 38.045398712158 74.617103576660 6.544099807739 91.406997680664 1.732499957085 0.212500005960 75.542701721191 18.358100891113 49.213100433350
0.000000000000 81.451202392578 31.565200805664 55.071800231934 16.919300079346 21.599300384521 19.738300323486 88.236099243164 32.834201812744 48.089698791504 66.083900451660 53.673900604248 8.673999786377 35.187500000000 63.792301177979 70.158203125000 89.275199890137 5.900700092316 42.441898345947 93.438102722168 43.048198699951 49.368400573730 75.654998779297 96.367996215820 92.496299743652 87.229598999023 70.974899291992 63.152801513672 34.063899993896 42.013999938965 87.431297302246 96.523399353027
0.000000000000 69.430603027344 99.181098937988 10.082599639893 23.773000717163 60.250499725342 37.955200195312 19.106300354004 94.046997070312 58.512401580811 35.050800323486 12.963000297546 52.612998962402 77.309097290039 68.332298278809 7.274300098419 16.767599105835 70.239799499512 17.738700866699 32.001800537109 87.558799743652 79.066200256348 81.063102722168 58.999298095703 73.899002075195 44.860900878906 1.382200002670 34.655700683594 18.629800796509 95.865798950195 38.082000732422 33.368698120117
0.000000000000 25.533700942993 12.088199615479 52.396701812744 34.320701599121 83.232803344727 78.241302490234 38.180801391602 44.779399871826 89.985397338867 26.917400360107 57.890300750732 75.966300964355 33.919300079346 24.631599426270 91.981498718262 34.996299743652 29.372100830078 91.792198181152 2.842799901962 40.304500579834 75.378196716309 98.372001647949 10.509300231934 45.867198944092 15.438699722290 16.364900588989 3.317800045013 97.002899169922 57.364601135254 82.536003112793 4.350999832153
0.000000000000 78.573501586914 79.249000549316 3.605799913406 74.638900756836 80.613899230957 63.890899658203 28.783500671387 47.089500427246 59.830299377441 11.176400184631 84.886901855469 72.443298339844 65.488899230957 13.553799629211 51.106300354004 90.784202575684 98.851097106934 25.180900573730 83.191703796387 46.813301086426 94.338401794434 5.758900165558 58.382999420166 5.491300106049 65.099998474121 54.761501312256 32.200298309326 69.144500732422 96.226501464844 74.112503051758 80.285797119141
0.000000000000 4.481200218201 97.484802246094 54.273101806641 19.665899276733 56.652900695801 69.011199951172 21.968000411987 59.362499237061 57.374401092529 29.929300308228 43.495399475098 88.533699035645 8.967900276184 34.132701873779 43.674900054932 31.004699707031 6.276599884033 51.742099761963 82.050903320312 82.020301818848 50.963500976562 27.963800430298 9.378700256348 98.880096435547 7.951000213623 66.262001037598 2.277800083160 95.127098083496 66.481002807617 35.549400329590 66.555801391602
0.000000000000 70.875099182129 30.462200164795 84.652999877930 11.876000404358 45.251701354980 17.065799713135 98.666198730469 38.079799652100 13.244899749756 36.610500335693 74.446098327637 15.223099708557 32.316501617432 13.917499542236 13.293899536133 25.206100463867 50.244201660156 37.954200744629 95.685699462891 29.225900650024 81.363601684570 94.967399597168 1.103000044823 11.775199890137 97.160003662109 38.738498687744 32.534198760986 87.988998413086 97.897201538086 54.530700683594 50.109901428223
file: 32.in result: 0 repeat: 1 avg-time: 0.000001886000 s
1.000000000000 0.376929879189 0.659185707569 0.518797039986 1.131005764008 0.250910669565 0.915517807007 1.105867624283 0.994303047657 1.130001544952 0.155531287193 1.174180746078 0.917224884033 0.516216635704 0.086878538132 0.720052778721 0.918009221554 1.099391341209 0.774601697922 1.011125683784 1.022629261017 1.034669041634 0.815901517868 1.030901670456 0.794583916664 0.412308067083 0.551337897778 0.934742808342 0.333097785711 0.044921543449 0.937485039234 1.054090619087 1.088385462761 1.138110876083 0.005405358505 0.903416275978 0.032524794340 0.411102473736 0.853076994419 0.293207347393 0.969745516777 0.026228833944 1.139039635658 0.081123612821 1.167159676552 0.242123246193 0.645301759243 1.135326623917 0.252469509840 0.855820417404 0.014714038000 0.549950778484 0.420975625515 0.016374185681 0.430136084557 0.811546206474 1.047136187553 1.218887329102 0.037321183830 0.796352863312 1.099355459213 0.005714165512 0.016503883526 0.882889211178
22.860900878906 -156217.296875000000 80.270202636719 89.466499328613 45.767200469971 22.526899337769 27.788400650024 64.688400268555 40.022399902344 42.534198760986 66.730400085449 89.620101928711 44.505798339844 0.880500018597 38.625598907471 5.952400207520 28.611000061035 17.348100662231 55.459499359131 10.339300155640 75.939498901367 42.773998260498 13.333700180054 52.429599761963 98.016502380371 56.755298614502 39.884899139404 85.457801818848 94.854301452637 67.715499877930 79.210700988770 39.329898834229 89.586196899414 25.165100097656 59.696899414062 30.379800796509 25.247800827026 76.936698913574 3.837699890137 99.624397277832 56.024600982666 90.133201599121 32.897598266602 63.197200775146 62.683998107910 49.047000885010 81.523200988770 33.256599426270 2.867399930954 65.563102722168 22.831800460815 47.484401702881 56.944301605225 5.873899936676 50.685100555420 60.848999023438 57.160900115967 43.973800659180 78.740997314453 16.872100830078 77.448196411133 74.278198242188 51.955398559570 92.888900756836
0.000000000000 36.876598358154 92.522499084473 9.965000152588 14.229200363159 62.755599975586 52.301200866699 61.373600006104 76.151802062988 42.823898315430 13.250599861145 8.123399734497 98.732498168945 95.651397705078 63.474800109863 78.702102661133 74.844703674316 6.135099887848 62.069400787354 72.524200439453 78.902999877930 22.270900726318 22.826299667358 12.963800430298 3.234299898148 82.267601013184 5.879700183868 28.520500183105 39.165798187256 26.903200149536 25.632999420166 37.874500274658 96.114799499512 90.508201599121 96.970397949219 86.454498291016 82.447998046875 93.890998840332 23.273899078369 69.805999755859 29.325300216675 12.597100257874 67.026603698730 53.105201721191 51.563598632812 31.586000442505 58.348899841309 8.959600448608 77.223098754883 86.678497314453 84.456298828125 23.479299545288 5.253499984741 89.777702331543 32.240398406982 48.112800598145 6.528999805450 38.594600677490 72.511398315430 80.583198547363 64.089599609375 66.629699707031 3.416699886322 62.940700531006
0.000000000000 4.158400058746 61.944900512695 16.095199584961 41.493198394775 62.750198364258 8.578700065613 17.759899139404 1.298300027847 6.153200149536 87.952697753906 66.259300231934 59.280700683594 45.386699676514 41.018501281738 2.301100015640 71.904502868652 83.403099060059 69.835296630859 44.327701568604 81.844001770020 73.458801269531 14.008099555969 80.453002929688 71.931800842285 54.171901702881 63.888099670410 95.306396484375 98.332603454590 51.816600799561 22.927200317383 23.978900909424 74.265800476074 25.197200775146 60.503799438477 92.589599609375 64.092002868652 54.786300659180 18.850999832153 20.637199401855 97.488296508789 46.542999267578 60.273399353027 68.836601257324 67.717002868652 33.566001892090 42.801601409912 92.356201171875 12.628999710083 78.416496276855 90.276901245117 29.540399551392 84.909301757812 5.961800098419 54.326301574707 45.690101623535 92.200202941895 33.900100708008 27.850500106812 9.009900093079 7.051300048828 62.094200134277 4.932600021362 48.006301879883
0.000000000000 15.680600166321 68.342903137207 3.595999956131 37.462501525879 32.188400268555 83.577301025391 70.670997619629 60.879100799561 69.785896301270 4.633699893951 98.121597290039 30.557800292969 65.201599121094 43.111099243164 54.572299957275 56.475299835205 63.478599548340 86.029403686523 5.837399959564 11.035300254822 26.253000259399 74.863899230957 16.391399383545 78.816001892090 18.594900131226 79.507003784180 25.250099182129 85.260498046875 83.616203308105 50.074001312256 71.322700500488 86.226196289062 10.337400436401 61.108299255371 24.592399597168 8.715700149536 46.794399261475 3.350100040436 54.475799560547 63.003299713135 9.709300041199 19.212699890137 22.636899948120 27.109699249268 61.446201324463 41.344100952148 27.878099441528 72.375701904297 26.767599105835 0.780799984932 38.407501220703 14.075099945068 74.462097167969 74.297996520996 64.870300292969 36.697101593018 27.397300720215 65.760002136230 4.145400047302 41.543498992920 67.232299804688 7.036900043488 57.654300689697
0.000000000000 0.848299980164 95.402603149414 25.894899368286 11.625800132751 0.143299996853 45.107799530029 71.101501464844 30.561399459839 99.602203369141 9.212400436401 16.233100891113 1.940799951553 41.362701416016 96.837196350098 66.482498168945 80.133300781250 40.918800354004 79.220901489258 53.989898681641 3.076600074768 60.534500122070 2.507600069046 27.650100708008 58.587299346924 81.071403503418 9.584600448608 82.434501647949 3.967099905014 9.488300323486 95.723899841309 26.462400436401 83.931198120117 71.692596435547 8.161700248718 66.615501403809 91.884902954102 46.129199981689 59.429599761963 28.074499130249 84.487602233887 83.627601623535 17.821199417114 58.686698913574 85.627502441406 1.153100013733 45.186698913574 51.742401123047 56.612800598145 64.513099670410 57.016998291016 6.740499973297 95.232200622559 64.757400512695 40.581298828125 10.196900367737 81.964302062988 12.983499526978 70.021202087402 74.828903198242 7.118999958038 25.185899734497 9.748600006104 63.812301635742
0.000000000000 95.660003662109 54.159400939941 6.076200008392 52.148998260498 35.894298553467 78.642402648926 33.695598602295 13.385299682617 79.895301818848 33.410999298096 34.192699432373 73.890800476074 98.272598266602 1.557100057602 18.461299896240 27.765600204468 83.967399597168 32.180198669434 12.766799926758 37.930999755859 95.253898620605 18.423700332642 51.407100677490 7.113500118256 70.654602050781 85.218498229980 4.005499839783 63.707801818848 28.882900238037 18.045799255371 79.078697204590 26.458900451660 47.173500061035 66.979400634766 44.445499420166 9.277000427246 88.916900634766 48.486698150635 42.900398254395 21.060400009155 1.266299962997 92.519401550293 36.653400421143 52.951499938965 48.235000610352 67.944297790527 53.646900177002 64.309600830078 22.322399139404 98.121299743652 88.876197814941 25.308000564575 96.044403076172 49.339900970459 47.595199584961 94.356903076172 80.895202636719 44.521900177002 38.673900604248 1.928799986839 52.688800811768 35.660301208496 72.280998229980
0.000000000000 85.598297119141 31.839799880981 14.126999855042 99.185699462891 67.177497863770 39.871299743652 57.244701385498 79.816802978516 2.027600049973 99.188697814941 68.455497741699 17.264799118042 53.051998138428 69.246101379395 64.752899169922 76.278396606445 30.411899566650 59.565898895264 15.705499649048 53.062301635742 77.334098815918 19.098400115967 21.833299636841 5.679299831390 84.811897277832 1.910899996758 62.127399444580 40.357799530029 74.685501098633 14.793000221252 50.716400146484 57.932899475098 52.053699493408 72.485702514648 1.115300059319 68.200302124023 57.889198303223 62.621299743652 19.947099685669 3.067600011826 98.821098327637 83.663002014160 79.347702026367 48.505401611328 96.909400939941 54.753601074219 98.258201599121 78.322502136230 51.228401184082 15.072199821472 62.843200683594 87.460098266602 33.486499786377 87.337699890137 24.275400161743 21.407800674438 45.513099670410 87.492301940918 19.701700210571 19.963499069214 69.871803283691 59.038101196289 97.142402648926
0.000000000000 55.999900817871 77.752296447754 38.228401184082 41.738201141357 78.270698547363 99.185600280762 36.045101165771 43.016601562500 99.336700439453 45.676300048828 89.210296630859 10.295900344849 99.799797058105 77.631401062012 45.180698394775 11.779000282288 75.899597167969 80.324600219727 1.579399943352 79.107498168945 21.410299301147 6.078599929810 70.356101989746 14.228500366211 73.702003479004 30.733699798584 11.595700263977 37.369899749756 11.837100028992 87.541496276855 64.549697875977 29.840200424194 32.175201416016 42.990299224854 84.017997741699 23.750000000000 53.945400238037 57.095001220703 18.419700622559 93.663497924805 54.034099578857 72.332496643066 18.234899520874 9.589900016785 40.061698913574 25.577800750732 88.111099243164 14.264900207520 96.666496276855 85.236602783203 98.724502563477 35.488601684570 96.289398193359 45.573699951172 36.635700225830 63.486000061035 41.658798217773 96.243202209473 53.853801727295 67.843902587891 52.999298095703 91.746002197266 59.839599609375
0.000000000000 81.031898498535 18.622299194336 88.549896240234 96.924301147461 27.871500015259 86.028900146484 69.984802246094 94.043701171875 69.850502014160 0.898299992085 22.185199737549 80.626701354980 58.221500396729 17.409500122070 83.189102172852 87.229103088379 42.808799743652 20.431800842285 95.999496459961 10.920599937439 28.825799942017 63.074798583984 97.834098815918 63.057098388672 22.154899597168 63.196498870850 19.954000473022 53.764598846436 36.618400573730 11.453599929810 92.229103088379 35.219100952148 73.183799743652 60.002201080322 36.253200531006 10.718099594116 73.196197509766 99.792999267578 94.319602966309 44.653301239014 99.269203186035 93.520797729492 4.124899864197 67.447097778320 54.379901885986 89.509597778320 1.585100054741 60.252300262451 78.688400268555 27.778299331665 69.519699096680 31.541299819946 94.488502502441 37.111999511719 15.447099685669 99.092597961426 17.898399353027 97.160499572754 31.754699707031 20.590599060059 75.554397583008 82.661201477051 45.364799499512
0.000000000000 5.184299945831 98.967102050781 25.110300064087 47.696399688721 29.715400695801 39.924198150635 74.976196289062 0.454299986362 60.260700225830 22.761400222778 83.663002014160 36.262401580811 52.736099243164 9.360600471497 93.142501831055 99.512001037598 29.298999786377 5.066199779510 38.517799377441 42.806098937988 85.244598388672 93.143302917480 62.960098266602 32.788398742676 25.168199539185 36.090400695801 56.067001342773 30.219699859619 80.030403137207 75.922500610352 25.900999069214 20.181900024414 20.825199127197 94.303001403809 14.059399604797 55.934501647949 37.074001312256 94.679000854492 48.151199340820 32.828201293945 46.901699066162 7.923699855804 92.360298156738 71.456199645996 29.398300170898 83.349700927734 6.688399791718 0.060100000352 74.422698974609 17.149299621582 61.108001708984 82.763801574707 24.482900619507 77.060699462891 10.245699882507 1.978199958801 83.349197387695 75.490097045898 82.705802917480 80.666099548340 30.100000381470 64.874900817871 68.211799621582
0.000000000000 75.407402038574 94.063796997070 51.727100372314 23.801900863647 97.935203552246 40.767200469971 90.722900390625 7.222000122070 12.784600257874 60.755798339844 62.993698120117 89.179901123047 93.743301391602 31.274599075317 86.725097656250 21.236900329590 88.173599243164 97.216102600098 91.627197265625 71.901901245117 49.853599548340 16.547399520874 8.210499763489 97.404296875000 29.381200790405 54.638999938965 24.938400268555 61.900699615479 57.103199005127 12.049099922180 65.831703186035 69.375198364258 55.475200653076 5.168300151825 77.939498901367 39.856300354004 11.708000183105 82.478302001953 74.722999572754 99.632797241211 45.910598754883 55.504699707031 97.276496887207 43.145099639893 19.941600799561 35.526500701904 96.662101745605 75.491203308105 98.725898742676 77.607200622559 54.381999969482 93.425796508789 55.930599212646 49.231201171875 19.230199813843 54.153900146484 51.463699340820 94.459999084473 13.427800178528 5.319099903107 11.900300025940 15.440899848938 64.590896606445
0.000000000000 16.791200637817 11.772199630737 68.500198364258 60.285800933838 79.060997009277 64.959098815918 60.850200653076 83.461898803711 83.119697570801 89.638198852539 64.571899414062 32.341098785400 59.056900024414 21.815000534058 63.119701385498 35.925701141357 8.768400192261 93.277496337891 14.488699913025 50.009601593018 89.029800415039 82.746002197266 59.252700805664 40.566200256348 86.592201232910 41.904899597168 61.802101135254 44.607101440430 37.582599639893 81.222198486328 5.282299995422 23.996599197388 73.752403259277 67.379699707031 21.089700698853 87.268898010254 30.902500152588 9.906200408936 25.833000183105 42.838699340820 66.044097900391 43.790000915527 13.103500366211 49.344001770020 72.793403625488 44.448200225830 18.822000503540 24.025699615479 55.240600585938 50.063800811768 13.538499832153 83.169898986816 33.621898651123 30.770700454712 38.045398712158 74.617103576660 6.544099807739 91.406997680664 1.732499957085 0.212500005960 75.542701721191 18.358100891113 49.213100433350
0.000000000000 81.451202392578 31.565200805664 55.071800231934 16.919300079346 21.599300384521 19.738300323486 88.236099243164 32.834201812744 48.089698791504 66.083900451660 53.673900604248 8.673999786377 35.187500000000 63.792301177979 70.158203125000 89.275199890137 5.900700092316 42.441898345947 93.438102722168 43.048198699951 49.368400573730 75.654998779297 96.367996215820 92.496299743652 87.229598999023 70.974899291992 63.152801513672 34.063899993896 42.013999938965 87.431297302246 96.523399353027 54.194000244141 69.430603027344 99.181098937988 10.082599639893 23.773000717163 60.250499725342 37.955200195312 19.106300354004 94.046997070312 58.512401580811 35.050800323486 12.963000297546 52.612998962402 77.309097290039 68.332298278809 7.274300098419 16.767599105835 70.239799499512 17.738700866699 32.001800537109 87.558799743652 79.066200256348 81.063102722168 58.999298095703 73.899002075195 44.860900878906 1.382200002670 34.655700683594 18.629800796509 95.865798950195 38.082000732422 33.368698120117
0.000000000000 25.533700942993 12.088199615479 52.396701812744 34.320701599121 83.232803344727 78.241302490234 38.180801391602 44.779399871826 89.985397338867 26.917400360107 57.890300750732 75.966300964355 33.919300079346 24.631599426270 91.981498718262 34.996299743652 29.372100830078 91.792198181152 2.842799901962 40.304500579834 75.378196716309 98.372001647949 10.509300231934 45.867198944092 15.438699722290 16.364900588989 3.317800045013 97.002899169922 57.364601135254 82.536003112793 4.350999832153 82.491302490234 78.573501586914 79.249000549316 3.605799913406 74.638900756836 80.613899230957 63.890899658203 28.783500671387 47.089500427246 59.830299377441 11.176400184631 84.886901855469 72.443298339844 65.488899230957 13.553799629211 51.106300354004 90.784202575684 98.851097106934 25.180900573730 83.191703796387 46.813301086426 94.338401794434 5.758900165558 58.382999420166 5.491300106049 65.099998474121 54.761501312256 32.200298309326 69.144500732422 96.226501464844 74.112503051758 80.285797119141
0.000000000000 4.481200218201 97.484802246094 54.273101806641 19.665899276733 56.652900695801 69.011199951172 21.968000411987 59.362499237061 57.374401092529 29.929300308228 43.495399475098 88.533699035645 8.967900276184 34.132701873779 43.674900054932 31.004699707031 6.276599884033 51.742099761963 82.050903320312 82.020301818848 50.963500976562 27.963800430298 9.378700256348 98.880096435547 7.951000213623 66.262001037598 2.277800083160 95.127098083496 66.481002807617 35.549400329590 66.555801391602 86.771003723145 70.875099182129 30.462200164795 84.652999877930 11.876000404358 45.251701354980 17.065799713135 98.666198730469 38.079799652100 13.244899749756 36.610500335693 74.446098327637 15.223099708557 32.316501617432 13.917499542236 13.293899536133 25.206100463867 50.244201660156 37.954200744629 95.685699462891 29.225900650024 81.363601684570 94.967399597168 1.103000044823 11.775199890137 97.160003662109 38.738498687744 32.534198760986 87.988998413086 97.897201538086 54.530700683594 50.109901428223
0.000000000000 62.372398376465 57.467098236084 18.970800399780 70.595397949219 0.000799999980 20.671800613403 40.759601593018 69.575599670410 53.063201904297 93.527198791504 39.165798187256 58.785198211670 7.205100059509 17.876499176025 17.204200744629 11.490699768066 41.018398284912 75.218902587891 41.562198638916 74.389198303223 70.498298645020 50.705299377441 88.790802001953 31.306499481201 16.176799774170 72.188697814941 8.430399894714 44.357898712158 38.618801116943 80.521102905273 89.310699462891 81.163101196289 55.861301422119 8.085900306702 97.551002502441 79.976600646973 41.082801818848 23.450599670410 93.733100891113 61.004501342773 36.085998535156 82.710899353027 36.976100921631 14.454299926758 81.957199096680 30.031099319458 78.162803649902 8.950699806213 85.564697265625 16.255699157715 8.466199874878 30.283399581909 86.414703369141 38.001998901367 92.559196472168 62.556301116943 67.238601684570 65.913200378418 79.160896301270 44.384101867676 58.222801208496 92.347396850586 87.107299804688
0.000000000000 58.755100250244 67.447601318359 37.848800659180 15.819700241089 2.127899885178 27.289199829102 6.128399848938 41.465400695801 33.374099731445 81.256896972656 61.018100738525 95.229598999023 91.185401916504 73.330299377441 74.186698913574 12.689000129700 64.998199462891 77.037399291992 28.621400833130 87.523399353027 27.317800521851 17.071699142456 36.512500762939 57.243598937988 16.901599884033 80.945800781250 9.837599754333 38.434101104736 33.479099273682 19.881500244141 13.373299598694 12.942000389099 47.411598205566 97.133201599121 51.648998260498 35.348201751709 31.667400360107 8.003299713135 60.837699890137 97.067703247070 39.577201843262 95.981399536133 18.191799163818 83.929496765137 11.657699584961 22.728000640869 57.846599578857 27.580200195312 19.860200881958 84.291496276855 98.660003662109 61.692600250244 78.226196289062 31.466800689697 70.234703063965 58.539001464844 45.448898315430 38.813400268555 19.364000320435 51.626098632812 57.843299865723 70.623397827148 14.504599571228
0.000000000000 99.626998901367 60.845699310303 51.235599517822 62.886100769043 19.107400894165 4.864999771118 32.895500183105 18.616399765015 31.476600646973 0.592299997807 95.807296752930 52.402801513672 72.872497558594 84.416099548340 48.896900177002 77.338096618652 88.560897827148 34.414501190186 84.306098937988 60.698799133301 19.285900115967 73.809997558594 93.314002990723 52.894901275635 42.245498657227 44.483299255371 97.473503112793 31.578100204468 18.091999053955 92.522903442383 74.982101440430 64.245399475098 95.928100585938 14.824199676514 24.126300811768 15.252499580383 94.744697570801 47.206401824951 28.686500549316 54.114299774170 22.098600387573 8.755399703979 6.728199958801 38.463401794434 50.652801513672 24.902900695801 56.634201049805 98.601699829102 65.434898376465 70.612396240234 41.902400970459 97.967102050781 62.291999816895 99.441703796387 37.231998443604 14.984999656677 29.404499053955 53.243198394775 88.529800415039 14.550900459290 59.704399108887 21.169599533081 27.252599716187
0.000000000000 56.919399261475 30.351800918579 48.685199737549 51.162101745605 0.612600028515 83.958602905273 39.561901092529 67.250999450684 5.234300136566 25.289400100708 31.925500869751 73.242797851562 0.665400028229 88.200798034668 0.130799993873 73.099403381348 60.230400085449 92.335197448730 20.251399993896 65.986701965332 54.037799835205 80.110496520996 61.160400390625 22.042800903320 52.040901184082 49.611000061035 3.769099950790 0.918900012970 70.835700988770 1.159399986267 14.257399559021 7.448400020599 89.835601806641 98.323501586914 69.979202270508 11.840999603271 72.307998657227 68.233001708984 36.665901184082 34.209400177002 53.463001251221 85.236000061035 3.519900083542 47.355098724365 32.490200042725 66.341796875000 80.866203308105 70.480003356934 46.264598846436 25.604700088501 86.743896484375 20.897100448608 23.870399475098 7.971099853516 29.009300231934 63.892299652100 41.449798583984 24.212200164795 17.829900741577 12.274100303650 6.901000022888 48.463001251221 6.016300201416
0.000000000000 4.116700172424 88.303298950195 99.311302185059 25.661300659180 76.998100280762 39.098899841309 19.163900375366 59.976398468018 4.773799896240 55.626899719238 68.184898376465 50.056999206543 76.310401916504 18.795099258423 76.949302673340 54.513000488281 47.734798431396 72.724800109863 21.197599411011 13.884400367737 87.202003479004 17.967100143433 0.720700025558 91.409797668457 53.530601501465 9.274499893188 73.011299133301 93.744903564453 96.728698730469 99.645599365234 37.190799713135 66.179496765137 84.322303771973 77.306800842285 40.154399871826 1.625599980354 81.184402465820 59.429199218750 48.576599121094 44.972801208496 94.697196960449 59.157901763916 41.940601348877 72.282501220703 84.102699279785 50.930500030518 91.230697631836 39.276298522949 27.785900115967 1.545600056648 40.555900573730 12.477299690247 69.329299926758 14.133099555969 5.337399959564 82.047996520996 37.494701385498 5.045300006866 24.993099212646 20.552999496460 17.734800338745 79.031997680664 78.767601013184
0.000000000000 97.101898193359 39.553100585938 27.112100601196 90.031799316406 30.538900375366 89.339698791504 4.521800041199 30.249799728394 65.675201416016 75.301200866699 89.951301574707 12.985799789429 17.586700439453 49.548500061035 71.900398254395 93.363899230957 18.909799575806 49.516201019287 16.037700653076 23.297700881958 88.977996826172 9.281299591064 17.790800094604 69.243698120117 37.270801544189 85.971199035645 93.161003112793 78.222503662109 71.951301574707 95.318603515625 70.084899902344 41.402801513672 21.831899642944 66.575698852539 25.540199279785 24.014099121094 67.635200500488 62.245201110840 89.718200683594 13.916999816895 22.844600677490 52.037498474121 63.474601745605 43.276798248291 55.618598937988 92.518096923828 59.372898101807 80.591201782227 36.417800903320 14.895199775696 41.136001586914 25.552799224854 48.766101837158 94.724098205566 61.922100067139 58.032398223877 32.511398315430 73.761100769043 76.428199768066 20.624300003052 48.772201538086 31.517400741577 35.318401336670
0.000000000000 55.895599365234 55.306301116943 63.093200683594 96.285896301270 19.339000701904 12.195400238037 8.630200386047 3.448400020599 86.073097229004 27.909999847412 33.992599487305 5.895400047302 4.768099784851 93.267700195312 82.775398254395 42.413600921631 65.087402343750 48.269100189209 50.755199432373 5.660200119019 34.250301361084 26.972700119019 63.201301574707 92.313697814941 58.896999359131 75.981796264648 97.880401611328 70.311996459961 47.000301361084 28.762100219727 90.310997009277 43.129100799561 54.815898895264 43.572200775146 47.369400024414 40.555099487305 32.190399169922 64.087997436523 8.298000335693 39.140098571777 31.625999450684 73.097801208496 99.154899597168 76.978996276855 39.811401367188 96.157203674316 27.013399124146 35.910099029541 78.333503723145 17.390699386597 97.796600341797 83.770797729492 58.408000946045 55.469501495361 10.528200149536 23.976900100708 84.279502868652 16.723199844360 25.986400604248 57.981800079346 17.187200546265 82.288101196289 38.043598175049
0.000000000000 33.864200592041 20.747499465942 55.846599578857 82.907997131348 69.565902709961 59.348098754883 64.565498352051 41.327598571777 69.252998352051 9.904600143433 45.715999603271 87.693496704102 0.372000008821 47.411499023438 59.252998352051 75.609497070312 38.430099487305 16.065700531006 68.226699829102 83.047401428223 62.140701293945 56.090099334717 12.981699943542 11.656299591064 94.369697570801 29.251899719238 82.356300354004 38.676399230957 63.718700408936 12.164600372314 6.259900093079 1.143100023270 40.565601348877 25.704799652100 20.152099609375 26.498399734497 24.681699752808 41.082500457764 20.625400543213 44.284500122070 33.179298400879 27.836599349976 52.702400207520 14.518400192261 52.702899932861 55.540199279785 39.272499084473 17.887899398804 30.717300415039 77.610198974609 11.711600303650 78.700599670410 22.079799652100 16.142799377441 67.717597961426 60.926898956299 89.134803771973 84.913497924805 9.245900154114 33.610900878906 79.123298645020 37.234199523926 43.703399658203
0.000000000000 28.087400436401 29.549299240112 32.018299102783 87.729202270508 15.107399940491 23.166099548340 72.249000549316 23.324699401855 22.464799880981 46.918701171875 85.991096496582 28.885700225830 16.934000015259 66.210502624512 39.920101165771 76.420898437500 26.544599533081 59.768100738525 31.178199768066 64.348396301270 25.744800567627 66.371299743652 52.109600067139 18.690599441528 74.906196594238 47.366001129150 0.926900029182 86.804801940918 26.077699661255 49.862300872803 29.934000015259 64.188301086426 50.810100555420 47.018398284912 34.980899810791 41.472099304199 65.699699401855 35.248199462891 84.475502014160 13.767800331116 43.863498687744 48.757400512695 44.536399841309 87.656700134277 84.489303588867 92.511001586914 49.344501495361 33.095699310303 50.798599243164 29.409700393677 16.601499557495 36.056900024414 87.275901794434 10.646499633789 97.366401672363 31.752300262451 96.398902893066 57.157901763916 30.388900756836 32.360698699951 26.425100326538 51.843399047852 7.135200023651
0.000000000000 11.909000396729 26.840599060059 1.624400019646 83.070098876953 94.975799560547 43.449798583984 2.973000049591 96.550903320312 7.575799942017 89.688796997070 29.725700378418 35.646701812744 80.240402221680 55.868801116943 89.998802185059 65.905998229980 9.300700187683 70.389801025391 88.742401123047 42.592399597168 66.070602416992 53.067901611328 18.106899261475 51.056999206543 73.570602416992 88.858596801758 67.441101074219 18.056499481201 69.693397521973 11.777500152588 98.078300476074 61.665401458740 7.120999813080 50.041900634766 90.001800537109 94.585098266602 53.460300445557 14.029000282288 11.099399566650 84.587097167969 76.850097656250 61.434600830078 62.321601867676 8.371700286865 13.831000328064 99.613998413086 78.884101867676 55.554901123047 43.189399719238 66.626800537109 38.111198425293 67.565902709961 98.449897766113 99.569503784180 29.023500442505 87.204299926758 63.516700744629 79.287399291992 37.803199768066 49.759700775146 62.233200073242 98.244003295898 12.352999687195
0.000000000000 16.772100448608 69.631599426270 72.418800354004 28.600999832153 25.611999511719 19.640899658203 59.008899688721 97.913902282715 13.032999992371 15.793899536133 85.133903503418 98.198402404785 10.495400428772 95.811798095703 55.505699157715 41.384601593018 69.017303466797 40.982799530029 81.545799255371 45.302101135254 71.197303771973 34.097599029541 48.961101531982 15.712400436401 51.914398193359 72.185897827148 70.663398742676 71.915397644043 23.556499481201 75.163101196289 4.943200111389 63.357299804688 55.853801727295 2.114799976349 92.720703125000 22.243700027466 31.929500579834 88.079002380371 16.869699478149 70.437797546387 23.510499954224 98.795402526855 61.746200561523 24.794399261475 51.944999694824 29.600599288940 20.236799240112 51.288700103760 85.870101928711 52.501899719238 77.741401672363 95.544898986816 64.119003295898 14.851499557495 65.593101501465 61.947601318359 17.613100051880 12.951600074768 7.056499958038 59.167900085449 0.625500023365 12.360400199890 15.337599754333
0.000000000000 83.040496826172 60.975601196289 45.268398284912 14.380200386047 77.934700012207 98.299102783203 50.349201202393 2.497600078583 72.949096679688 74.005302429199 98.524597167969 27.334199905396 40.216400146484 85.324897766113 38.298900604248 73.234802246094 19.438199996948 81.695899963379 79.360099792480 56.715801239014 16.431800842285 52.750499725342 95.487503051758 51.407001495361 59.167999267578 25.369300842285 55.686199188232 99.443496704102 24.937500000000 48.327201843262 77.375198364258 39.725399017334 60.138301849365 63.084899902344 4.472300052643 19.722499847412 76.874801635742 95.288002014160 20.916200637817 48.606399536133 89.487503051758 79.619300842285 9.592599868774 74.427398681641 22.963399887085 40.664901733398 29.321399688721 73.587501525879 52.887100219727 52.440200805664 27.130399703979 88.292198181152 76.679298400879 67.733497619629 57.957801818848 10.016300201416 40.569599151611 48.336200714111 20.441400527954 69.480003356934 84.615501403809 81.237297058105 97.068702697754
0.000000000000 58.985198974609 12.509799957275 28.677099227905 83.217201232910 58.370201110840 41.086101531982 13.281499862671 33.639999389648 69.030899047852 8.975999832153 86.160896301270 65.612197875977 40.871700286865 44.465999603271 58.548099517822 28.996599197388 15.125300407410 73.697402954102 28.495000839233 46.655300140381 72.694999694824 1.871600031853 35.473499298096 90.431396484375 25.484600067139 95.411796569824 50.361598968506 93.364501953125 6.884399890900 68.746498107910 81.682502746582 0.144800007343 93.932701110840 44.805400848389 42.310501098633 15.062800407410 93.621200561523 82.023399353027 92.013397216797 97.627098083496 79.553703308105 51.730800628662 67.686798095703 38.848701477051 71.588302612305 42.172298431396 87.274902343750 72.833801269531 88.099899291992 57.273300170898 65.416702270508 36.539398193359 98.869300842285 92.008003234863 91.371498107910 18.322200775146 69.356300354004 46.599800109863 50.200099945068 21.277599334717 86.363197326660 60.502201080322 42.366600036621
0.000000000000 20.969600677490 18.250799179077 58.337600708008 45.993900299072 69.648002624512 50.755100250244 36.688999176025 29.849599838257 2.704200029373 67.218696594238 27.893400192261 44.424800872803 76.215599060059 69.552001953125 46.554698944092 41.944000244141 33.426998138428 41.493301391602 38.864200592041 4.150700092316 23.598499298096 63.229099273682 2.939599990845 8.440400123596 62.187599182129 93.832099914551 0.412000000477 95.463996887207 71.672599792480 60.408401489258 28.362600326538 59.123500823975 25.019899368286 73.570503234863 1.918499946594 10.624199867249 12.751999855042 11.786100387573 58.807300567627 40.289001464844 14.391599655151 58.098598480225 41.100299835205 8.628100395203 52.150501251221 78.749397277832 53.973499298096 42.677799224854 45.890598297119 14.067600250244 76.911598205566 29.901300430298 65.371696472168 94.363601684570 16.606199264526 41.028800964355 61.073898315430 66.070503234863 24.847799301147 58.769401550293 51.037998199463 57.592700958252 36.588901519775
0.000000000000 33.776298522949 32.395198822021 85.672096252441 18.934799194336 31.737699508667 4.567100048065 37.515201568604 14.057100296021 46.140098571777 39.512298583984 63.173198699951 26.187500000000 93.851799011230 56.784500122070 81.119003295898 3.227999925613 48.432598114014 54.750999450684 64.211196899414 61.465499877930 14.791999816895 49.945301055908 58.714099884033 80.957801818848 80.330703735352 31.915300369263 39.657901763916 10.449299812317 92.381401062012 28.701999664307 17.386699676514 4.681200027466 68.463798522949 41.361999511719 29.769100189209 63.678398132324 73.731597900391 6.549099922180 92.177803039551 43.202999114990 45.286098480225 68.497802734375 42.020801544189 26.639200210571 1.828099966049 52.953498840332 75.879898071289 37.779499053955 55.911201477051 39.639999389648 62.583099365234 72.105796813965 57.087001800537 85.639602661133 27.617000579834 29.379199981689 41.559200286865 43.855800628662 50.180900573730 40.299098968506 23.934299468994 28.715700149536 90.453300476074
0.000000000000 15.550499916077 25.417699813843 49.482398986816 27.833900451660 83.517097473145 21.073200225830 78.478103637695 12.410900115967 12.428700447083 42.759300231934 25.340900421143 93.086502075195 67.188796997070 88.874099731445 56.787601470947 25.798599243164 24.924800872803 77.976196289062 40.239299774170 4.271699905396 2.980700016022 10.787300109863 6.527699947357 38.480098724365 26.196599960327 96.679100036621 90.238998413086 78.790702819824 36.976501464844 84.540199279785 36.361598968506 98.586097717285 51.955799102783 93.762001037598 23.324600219727 24.314500808716 43.506999969482 75.466003417969 5.376999855042 51.258201599121 4.290599822998 76.589698791504 53.458801269531 72.852096557617 98.181297302246 63.163700103760 38.828300476074 95.095596313477 0.426999986172 94.776397705078 89.065299987793 2.356300115585 85.526496887207 6.040500164032 66.738800048828 36.457801818848 61.316600799561 98.290802001953 89.323303222656 23.013599395752 68.034599304199 98.301696777344 73.048500061035
0.000000000000 98.320800781250 48.927799224854 51.709400177002 95.064903259277 10.241499900818 43.903198242188 16.126399993896 43.242500305176 32.695899963379 23.449600219727 44.116298675537 6.715499877930 54.246299743652 30.617000579834 36.160198211670 39.789798736572 73.734802246094 43.524898529053 13.846099853516 8.007300376892 34.433700561523 76.020401000977 67.614898681641 72.792396545410 49.443500518799 33.332199096680 40.032299041748 97.932998657227 65.037902832031 34.558799743652 35.332901000977 20.534099578857 67.980796813965 62.590400695801 52.176700592041 47.493900299072 0.873000025749 52.642501831055 57.081901550293 5.027699947357 17.769300460815 64.764396667480 94.972099304199 66.861000061035 49.249599456787 58.997798919678 93.712799072266 4.636899948120 59.513698577881 64.583297729492 15.420299530029 48.695701599121 61.783500671387 45.643299102783 87.960998535156 29.834999084473 31.180099487305 62.283699035645 68.640899658203 9.739100456238 1.522300004959 8.850500106812 48.331100463867
0.000000000000 90.721397399902 97.831497192383 68.694000244141 52.689399719238 94.281997680664 9.820699691772 38.941699981689 28.690399169922 53.255699157715 81.227302551270 72.822402954102 50.467201232910 56.334400177002 43.295101165771 8.174599647522 48.573101043701 72.064102172852 78.555999755859 62.099498748779 1.130300045013 36.600101470947 22.660200119019 63.222099304199 90.179801940918 65.346496582031 17.570699691772 54.887500762939 84.769203186035 40.347400665283 2.763700008392 69.244300842285 82.846603393555 51.438701629639 16.146200180054 19.420200347900 85.879096984863 90.710403442383 47.157798767090 91.233299255371 90.296401977539 48.817199707031 96.497200012207 35.941699981689 0.462199985981 88.530700683594 77.134002685547 35.849098205566 54.420700073242 21.069200515747 36.740299224854 91.650802612305 96.796699523926 99.452697753906 28.369199752808 67.545997619629 38.455101013184 59.297599792480 86.794502258301 9.663299560547 2.838799953461 21.593000411987 37.149398803711 14.161700248718
0.000000000000 8.626299858093 20.757499694824 6.924399852753 73.417999267578 26.918600082397 92.620002746582 81.966697692871 30.353900909424 77.358497619629 11.654600143433 41.369400024414 48.078601837158 82.589401245117 80.827598571777 28.117799758911 21.601999282837 72.899597167969 78.741897583008 19.447799682617 71.315399169922 3.515500068665 71.589302062988 20.582700729370 18.536600112915 69.619903564453 88.887199401855 18.979799270630 4.164899826050 96.943901062012 57.514099121094 95.154502868652 35.132499694824 83.146896362305 61.047100067139 59.036998748779 35.849300384521 15.201399803162 84.177200317383 58.457698822021 6.156499862671 78.627899169922 16.584899902344 16.747699737549 0.159999996424 96.379096984863 83.183799743652 33.622299194336 90.965599060059 97.867301940918 12.593700408936 2.376300096512 24.542800903320 59.040798187256 72.838699340820 7.193799972534 62.496398925781 82.763496398926 4.753600120544 83.977302551270 22.226900100708 85.497001647949 92.591400146484 37.554298400879
0.000000000000 81.018997192383 24.904399871826 43.409999847412 89.966102600098 77.710502624512 97.032699584961 73.450996398926 96.337997436523 86.361900329590 43.795200347900 99.250000000000 0.313300013542 98.342300415039 48.496299743652 20.979999542236 23.614400863647 71.818298339844 14.343099594116 36.985000610352 91.058097839355 22.209999084473 84.763397216797 52.930900573730 63.645500183105 48.142299652100 95.724403381348 94.606399536133 6.240600109100 54.058601379395 83.268798828125 36.246200561523 13.058600425720 87.968200683594 43.957698822021 63.131000518799 34.063800811768 32.347198486328 88.737701416016 19.418500900269 27.889099121094 70.887603759766 45.961898803711 21.946399688721 52.595100402832 59.089599609375 76.991500854492 68.551101684570 29.296300888062 74.692802429199 74.245796203613 3.570199966431 41.479598999023 12.957799911499 1.670799970627 2.681299924850 93.864700317383 44.608699798584 61.793598175049 90.559997558594 5.980199813843 65.899002075195 90.454101562500 9.656000137329
0.000000000000 34.398700714111 4.310800075531 74.433097839355 84.954597473145 21.608299255371 62.287799835205 62.439399719238 32.934299468994 2.906899929047 38.051799774170 40.354198455811 11.267800331116 61.631999969482 31.336799621582 19.584400177002 37.641899108887 5.066299915314 93.560401916504 0.711399972439 48.153499603271 23.878000259399 54.540798187256 49.894199371338 94.318000793457 60.811000823975 94.680198669434 98.487602233887 66.893302917480 11.895600318909 47.985401153564 0.313300013542 12.185199737549 68.269401550293 24.612400054932 54.250301361084 38.958900451660 20.667999267578 17.700799942017 76.432296752930 10.380800247192 34.764701843262 37.116001129150 47.182998657227 52.801498413086 73.499000549316 35.464500427246 74.057098388672 69.416000366211 74.601303100586 12.759200096130 45.122398376465 72.999099731445 54.119400024414 60.170600891113 27.843299865723 85.136802673340 12.244299888611 7.585400104523 98.741203308105 47.252998352051 91.528602600098 62.197498321533 28.767999649048
0.000000000000 46.455699920654 40.553398132324 9.649299621582 38.438899993896 40.833099365234 66.503997802734 27.356000900269 83.340797424316 61.915298461914 29.369800567627 7.361100196838 51.558101654053 73.726402282715 77.620597839355 38.731098175049 34.422500610352 19.159599304199 47.846401214600 89.953498840332 13.323100090027 57.324401855469 18.715900421143 50.570701599121 19.440200805664 11.593299865723 88.776603698730 1.122099995613 72.870697021484 80.965301513672 81.418899536133 78.599502563477 66.802200317383 61.564098358154 30.694599151611 41.080799102783 46.536499023438 4.799699783325 54.932899475098 38.604000091553 10.748100280762 4.367400169373 64.568298339844 22.979700088501 61.067401885986 42.630798339844 97.437896728516 90.637603759766 14.710900306702 80.163696289062 11.183799743652 6.686500072479 50.806900024414 35.614799499512 40.085399627686 21.537900924683 7.825200080872 34.235801696777 58.990501403809 14.237700462341 99.029899597168 10.484499931335 9.071700096130 73.951499938965
0.000000000000 99.102798461914 96.706703186035 68.194198608398 97.891098022461 56.891601562500 50.484298706055 12.622900009155 31.342300415039 55.279800415039 39.285198211670 83.695899963379 18.503000259399 20.654100418091 71.391296386719 62.627399444580 78.774101257324 32.578899383545 75.313003540039 76.198799133301 2.341700077057 68.203399658203 16.375200271606 83.001998901367 62.018699645996 83.433403015137 10.440899848938 54.041500091553 48.891700744629 61.150699615479 53.350700378418 1.118199944496 84.914703369141 39.431701660156 41.198799133301 51.245998382568 69.084602355957 96.821800231934 21.195100784302 42.411598205566 57.920799255371 55.749698638916 47.479801177979 25.322200775146 87.494796752930 51.107101440430 94.873100280762 73.714698791504 71.688697814941 3.717200040817 80.593902587891 93.899200439453 75.426101684570 71.960601806641 62.956901550293 42.832500457764 86.242599487305 81.747497558594 91.160202026367 13.315600395203 95.764396667480 71.620300292969 50.593399047852 47.922401428223
0.000000000000 10.503199577332 5.780399799347 97.651000976562 27.899799346924 10.227499961853 65.908203125000 32.911201477051 59.472900390625 86.269401550293 91.491203308105 69.360298156738 10.355500221252 61.059398651123 32.213699340820 21.536199569702 97.236396789551 17.142900466919 17.073799133301 48.162998199463 60.262199401855 77.403099060059 19.590599060059 98.375198364258 23.134399414062 3.252899885178 63.217098236084 62.363399505615 76.681297302246 85.301902770996 25.475400924683 54.100498199463 37.951801300049 77.603500366211 34.250099182129 96.227203369141 72.519203186035 2.909100055695 44.323699951172 3.438999891281 30.967399597168 7.834000110626 14.225899696350 83.821701049805 32.657699584961 12.569100379944 64.698997497559 84.964797973633 21.716899871826 87.870399475098 91.446800231934 42.819198608398 42.342098236084 27.230199813843 55.443801879883 10.099300384521 62.069000244141 11.947500228882 28.979900360107 20.318700790405 11.551899909973 79.487197875977 39.015499114990 83.559799194336
0.000000000000 83.978599548340 37.968700408936 3.252799987793 32.964698791504 88.910400390625 41.976100921631 36.874599456787 63.735099792480 17.894300460815 86.672798156738 34.443099975586 85.564498901367 14.998600006104 26.503400802612 42.800899505615 74.097396850586 35.832599639893 29.835599899292 1.418400049210 79.834297180176 82.717201232910 36.601299285889 68.205299377441 84.340698242188 92.011802673340 91.324996948242 81.060203552246 6.490099906921 16.610799789429 10.661100387573 84.765800476074 81.637001037598 7.897799968719 61.060100555420 86.170196533203 47.744499206543 10.476400375366 56.214199066162 79.796203613281 12.598600387573 62.429901123047 95.160102844238 27.147600173950 78.812698364258 48.567798614502 54.408798217773 54.942699432373 69.772003173828 96.309303283691 16.506900787354 20.409000396729 75.275703430176 87.195899963379 99.819999694824 75.747497558594 69.752998352051 78.086700439453 96.356597900391 2.667200088501 73.235198974609 28.755100250244 35.838001251221 28.370000839233
0.000000000000 14.607000350952 6.828400135040 40.215099334717 75.891403198242 79.855102539062 52.712699890137 55.710098266602 20.960300445557 66.434700012207 79.162803649902 58.023300170898 47.224399566650 26.408399581909 3.299099922180 41.353199005127 45.882900238037 44.847698211670 79.920501708984 63.848300933838 23.773700714111 8.185000419617 56.613899230957 64.320098876953 31.157600402832 45.033901214600 73.315902709961 58.723999023438 86.843101501465 60.614700317383 56.368900299072 14.582099914551 26.911899566650 91.539100646973 87.512901306152 12.058600425720 21.612699508667 95.196296691895 61.404300689697 97.384803771973 71.717597961426 8.888799667358 91.764396667480 12.502099990845 15.952199935913 5.353300094604 7.130400180817 92.817298889160 0.437500000000 96.502403259277 67.901397705078 20.490600585938 49.074199676514 64.363403320312 39.937099456787 72.526100158691 97.955802917480 27.360900878906 40.087100982666 48.154098510742 9.420100212097 49.464500427246 88.805297851562 65.165199279785
0.000000000000 95.525100708008 84.453498840332 33.896598815918 0.784200012684 68.955398559570 37.973400115967 32.699100494385 2.106600046158 37.150100708008 77.626998901367 56.516498565674 12.302599906921 12.116800308228 83.205596923828 28.883600234985 25.937299728394 25.042600631714 74.842697143555 48.786800384521 62.730998992920 77.912101745605 47.818401336670 19.579500198364 55.404598236084 99.134902954102 6.707399845123 63.374401092529 5.459599971771 7.803299903870 69.733398437500 89.861198425293 50.029998779297 23.983900070190 13.101400375366 43.209499359131 95.966499328613 23.133699417114 5.879199981689 91.675903320312 61.940399169922 62.859500885010 96.258697509766 1.384699940681 83.931198120117 6.771800041199 96.997200012207 52.657199859619 46.618499755859 80.594100952148 69.592697143555 13.985400199890 29.114000320435 28.816799163818 23.072299957275 64.108596801758 33.887798309326 34.026798248291 75.621101379395 1.999099969864 88.283599853516 19.864400863647 24.050199508667 86.224899291992
0.000000000000 78.398696899414 90.275596618652 14.054699897766 96.949699401855 21.714199066162 27.273000717163 75.126296997070 74.416603088379 53.148899078369 42.689701080322 7.450399875641 38.921600341797 22.667800903320 42.238300323486 2.332200050354 45.168498992920 73.030799865723 37.489700317383 31.404899597168 40.101200103760 8.688500404358 98.549896240234 23.252000808716 83.235397338867 20.829200744629 25.960800170898 48.443901062012 57.426601409912 43.607498168945 92.340698242188 49.465900421143 73.627403259277 29.602899551392 5.373400211334 40.935001373291 35.012699127197 73.695198059082 6.816699981689 58.563098907471 22.801099777222 95.402496337891 71.286102294922 66.313796997070 54.022800445557 76.257499694824 57.833900451660 69.310203552246 77.620101928711 34.874198913574 96.559501647949 0.287999987602 23.129499435425 13.828300476074 47.494201660156 14.149399757385 46.770099639893 1.182500004768 17.680400848389 57.071899414062 95.519798278809 93.952796936035 42.433399200439 51.430400848389
0.000000000000 28.955299377441 18.941400527954 78.277000427246 75.561096191406 37.984901428223 25.580799102783 50.779098510742 70.236297607422 88.704101562500 56.523498535156 2.680900096893 75.686401367188 37.172298431396 51.551998138428 1.119199991226 89.450897216797 17.910400390625 76.367103576660 64.068702697754 13.366800308228 59.358898162842 33.010200500488 78.432899475098 75.797500610352 28.349199295044 42.191101074219 69.681800842285 40.633201599121 58.983501434326 41.503398895264 30.830400466919 37.434398651123 68.427398681641 92.775703430176 60.007801055908 39.338001251221 86.075401306152 81.455902099609 44.059299468994 93.282600402832 77.732597351074 15.449799537659 77.779800415039 38.818298339844 67.800598144531 26.487899780273 82.887397766113 72.376403808594 15.628800392151 38.521499633789 22.295499801636 64.232803344727 0.889999985695 64.855796813965 87.736503601074 36.756698608398 23.079099655151 28.560499191284 92.075599670410 19.229799270630 61.868400573730 13.688699722290 4.084599971771
0.000000000000 8.450599670410 64.424102783203 7.376699924469 13.493100166321 38.541301727295 66.863601684570 36.954101562500 57.161098480225 41.153999328613 97.655296325684 8.882100105286 59.896400451660 72.176101684570 21.322799682617 7.725699901581 56.987598419189 94.087699890137 40.115200042725 73.077499389648 4.006700038910 55.874298095703 20.736000061035 90.173500061035 53.316001892090 5.983699798584 88.968597412109 61.990898132324 20.263999938965 5.572700023651 2.061899900436 30.789400100708 88.064201354980 57.896400451660 53.326801300049 23.788900375366 17.434600830078 29.744800567627 52.697399139404 23.632799148560 1.502200007439 2.047199964523 30.899799346924 91.313003540039 67.540100097656 31.563499450684 69.264801025391 93.937698364258 2.268100023270 14.450499534607 41.903701782227 1.872699975967 24.451000213623 32.402599334717 17.094999313354 1.169199943542 13.029500007629 39.784000396729 48.712200164795 23.988399505615 13.930800437927 36.134799957275 55.651298522949 48.328300476074
0.000000000000 57.521198272705 70.401496887207 75.518096923828 47.277599334717 23.025299072266 32.145999908447 71.632301330566 12.958900451660 30.354600906372 94.429901123047 5.243400096893 51.773799896240 1.734099984169 99.122001647949 37.187099456787 36.891899108887 87.848800659180 40.240600585938 52.025501251221 18.700500488281 12.355299949646 6.815499782562 12.997400283813 33.231601715088 3.271800041199 50.176799774170 68.339599609375 8.457200050354 47.367000579834 81.350898742676 39.670700073242 6.297900199890 57.390201568604 83.487899780273 52.100299835205 49.837299346924 87.802001953125 60.541301727295 53.682598114014 26.708900451660 7.382400035858 97.461097717285 39.604499816895 90.063903808594 56.957298278809 89.620498657227 21.422899246216 9.841899871826 83.347297668457 39.919700622559 44.081001281738 44.795600891113 11.499799728394 18.234500885010 80.958801269531 66.788597106934 61.457099914551 42.955398559570 66.042198181152 66.728996276855 73.129501342773 45.907001495361 42.712600708008
0.000000000000 49.601699829102 40.458599090576 51.726100921631 30.283500671387 95.883399963379 99.279602050781 49.557800292969 70.537597656250 5.640900135040 64.633300781250 40.803001403809 13.016699790955 10.375200271606 43.029499053955 13.719099998474 73.347099304199 68.023803710938 17.618000030518 88.724700927734 13.282299995422 0.745599985123 84.082298278809 69.469299316406 50.164398193359 7.661399841309 80.657798767090 85.924797058105 88.931297302246 61.883499145508 93.445899963379 98.893203735352 64.668601989746 22.775499343872 29.161600112915 84.971702575684 54.769401550293 55.806499481201 37.029499053955 96.408500671387 19.044200897217 80.857101440430 63.656700134277 98.212097167969 54.381401062012 93.877601623535 22.537700653076 85.663902282715 2.746000051498 99.861503601074 20.411500930786 85.665603637695 41.867900848389 3.421499967575 50.100799560547 51.124298095703 10.865599632263 50.193199157715 87.286300659180 60.579799652100 46.593200683594 90.493698120117 60.893901824951 29.405799865723
0.000000000000 22.152500152588 56.574699401855 83.717300415039 9.134200096130 42.372501373291 4.678199768066 60.444099426270 42.777400970459 86.547996520996 28.823299407959 77.348701477051 34.463798522949 78.512603759766 37.938800811768 89.438499450684 34.324699401855 99.860702514648 54.646800994873 12.344799995422 94.621299743652 66.756896972656 78.300903320312 75.819503784180 22.326999664307 3.285799980164 32.113201141357 69.166702270508 7.981400012970 58.086498260498 42.611499786377 17.438600540161 57.707401275635 96.867897033691 47.087898254395 34.104598999023 33.764198303223 36.094100952148 94.155296325684 6.951399803162 18.374000549316 93.407501220703 68.770500183105 39.004699707031 57.661998748779 25.885700225830 73.671501159668 18.206699371338 5.453499794006 68.923301696777 5.655200004578 56.523899078369 44.612201690674 81.803703308105 10.473500251770 34.846401214600 82.790496826172 87.276901245117 83.799201965332 15.081899642944 38.909801483154 69.118301391602 3.064300060272 83.262298583984
0.000000000000 85.664596557617 44.793201446533 97.981101989746 89.934097290039 41.856800079346 95.240196228027 71.974800109863 98.224998474121 42.441898345947 14.994700431824 71.338996887207 32.557300567627 40.063701629639 94.816398620605 86.389503479004 51.427501678467 34.667800903320 21.354400634766 83.402099609375 13.893699645996 10.796699523926 35.948398590088 41.916900634766 14.831100463867 77.495697021484 99.086997985840 82.860397338867 51.016300201416 62.118499755859 76.774398803711 27.822599411011 71.113700866699 83.153602600098 4.691999912262 32.561500549316 6.990900039673 99.321800231934 18.773700714111 27.598300933838 56.624599456787 10.698399543762 48.573200225830 15.741800308228 10.016799926758 67.275199890137 30.125999450684 58.480400085449 83.072998046875 51.399299621582 26.592399597168 63.483501434326 99.622703552246 82.001602172852 76.595497131348 13.256400108337 27.204500198364 99.337501525879 14.640700340271 46.398799896240 59.415599822998 47.305198669434 21.537099838257 27.444999694824
0.000000000000 71.855300903320 20.991399765015 56.183799743652 17.037000656128 54.446300506592 2.972300052643 38.274101257324 28.214599609375 65.136901855469 15.242899894714 50.957199096680 62.674499511719 86.537200927734 61.645801544189 41.409698486328 75.830703735352 94.059898376465 82.700897216797 69.964302062988 19.513700485229 13.521900177002 48.950500488281 87.819602966309 59.303298950195 60.865200042725 48.829299926758 81.197799682617 7.059599876404 32.473400115967 5.511499881744 0.396200001240 32.837799072266 46.586299896240 87.845703125000 27.334999084473 85.447799682617 45.257099151611 4.333700180054 37.685901641846 67.710899353027 18.378700256348 36.069698333740 83.029602050781 75.409698486328 57.771099090576 46.241298675537 67.608398437500 83.837402343750 89.753700256348 34.112400054932 15.978799819946 94.161499023438 16.289400100708 72.489196777344 84.863403320312 41.353099822998 19.145599365234 87.391098022461 7.721600055695 99.545898437500 0.421600013971 2.543299913406 83.268699645996
0.000000000000 31.551200866699 62.014301300049 50.331600189209 27.043899536133 32.964298248291 44.429199218750 5.825500011444 86.791496276855 75.627296447754 76.800102233887 87.156303405762 41.828701019287 16.774000167847 13.121100425720 93.408203125000 55.320999145508 30.408199310303 20.708099365234 75.679901123047 90.878303527832 54.679000854492 60.303600311279 50.301700592041 85.780097961426 71.124198913574 81.403900146484 15.389399528503 67.783996582031 94.595100402832 75.119102478027 57.252498626709 34.903800964355 84.953498840332 80.752098083496 49.665699005127 94.616401672363 82.825698852539 84.870498657227 35.368099212646 39.850498199463 93.513801574707 78.275199890137 19.206100463867 47.653999328613 53.365299224854 12.812000274658 73.042602539062 20.057300567627 3.949800014496 66.671302795410 71.703498840332 55.995998382568 61.657798767090 78.641899108887 30.205900192261 36.448799133301 3.105799913406 87.639602661133 57.798301696777 47.508701324463 11.149700164795 85.466903686523 22.804599761963
0.000000000000 82.618499755859 7.439099788666 95.149696350098 8.997200012207 45.313899993896 22.749099731445 12.581899642944 61.010501861572 80.224899291992 98.400100708008 65.923103332520 5.673399925232 92.725303649902 28.869699478149 54.295600891113 33.091400146484 38.968399047852 77.859001159668 39.537799835205 13.940299987793 57.349498748779 21.055500030518 65.167297363281 15.409799575806 58.734401702881 64.529602050781 57.159301757812 84.768203735352 93.857002258301 30.109399795532 97.034896850586 93.222999572754 97.142402648926 97.701301574707 67.034698486328 56.890701293945 77.767601013184 92.931198120117 8.428799629211 18.779800415039 62.998600006104 3.730299949646 18.843299865723 51.024200439453 94.346801757812 20.770700454712 69.990798950195 87.497100830078 85.986701965332 56.392601013184 14.514900207520 58.567401885986 87.701202392578 40.983200073242 80.644897460938 50.549701690674 59.747200012207 26.336099624634 30.452499389648 75.681198120117 75.461898803711 99.563903808594 11.394700050354
0.000000000000 54.686901092529 3.797600030899 13.497500419617 6.622700214386 46.580501556396 12.110400199890 18.478599548340 2.004499912262 59.067401885986 44.818000793457 40.560298919678 7.627699851990 92.672203063965 28.606000900269 78.057296752930 89.643600463867 0.748499989510 90.030197143555 13.683300018311 37.932899475098 99.620796203613 75.957702636719 8.073399543762 39.769599914551 26.032499313354 98.677398681641 3.203099966049 64.596801757812 10.321299552917 37.571601867676 58.590400695801 61.745098114014 21.543500900269 71.988403320312 3.146300077438 70.301002502441 76.094902038574 84.930999755859 33.698101043701 79.366600036621 78.536796569824 40.517700195312 66.348800659180 49.168701171875 40.321701049805 55.952999114990 70.455802917480 6.970799922943 4.407000064850 15.670900344849 71.405403137207 97.561698913574 66.732902526855 87.306900024414 24.688499450684 25.848499298096 49.988700866699 60.181900024414 21.365800857544 31.481800079346 55.892799377441 8.361700057983 52.994899749756
0.000000000000 75.902801513672 17.519300460815 5.568799972534 97.794799804688 46.503601074219 13.013099670410 15.303400039673 23.078500747681 48.852100372314 94.867797851562 55.354598999023 17.932199478149 77.451698303223 63.381301879883 23.299800872803 56.397300720215 84.250099182129 96.832298278809 76.314102172852 65.152099609375 7.611499786377 74.075798034668 34.353401184082 73.037399291992 18.735599517822 40.554500579834 12.351900100708 41.328399658203 7.821599960327 67.620002746582 76.495002746582 52.976100921631 0.077100001276 14.479800224304 31.207799911499 87.887901306152 59.464000701904 48.936199188232 47.138500213623 81.954597473145 84.906898498535 99.558601379395 54.266700744629 74.159202575684 92.438201904297 61.192699432373 9.109299659729 7.101600170135 75.766098022461 25.565700531006 57.817600250244 21.967300415039 18.674299240112 78.723602294922 76.526199340820 55.046600341797 57.639701843262 81.393898010254 45.099601745605 91.355598449707 95.752098083496 25.969600677490 3.646399974823
0.000000000000 13.127599716187 8.018899917603 78.209602355957 94.533096313477 63.819900512695 32.160701751709 83.916603088379 88.887603759766 11.456100463867 39.021400451660 96.790199279785 48.967300415039 7.891699790955 39.625900268555 15.183300018311 75.007896423340 30.409400939941 72.168800354004 34.819400787354 66.212196350098 50.088699340820 55.462299346924 83.648696899414 61.777999877930 70.212402343750 63.865398406982 7.425099849701 69.025901794434 0.339300006628 30.551799774170 67.726097106934 46.372898101807 2.345599889755 43.357101440430 83.461898803711 77.602500915527 87.132102966309 98.927696228027 84.936203002930 13.197199821472 25.576599121094 83.549896240234 85.023803710938 67.465599060059 25.579500198364 56.401699066162 45.660301208496 79.695297241211 2.916100025177 6.750599861145 30.187599182129 59.991298675537 82.010597229004 88.507301330566 7.128799915314 27.533399581909 14.944999694824 98.482002258301 74.511001586914 37.435199737549 50.899898529053 48.938800811768 71.652198791504
0.000000000000 18.941999435425 8.168999671936 79.571800231934 61.895000457764 8.410799980164 94.796302795410 33.279899597168 64.033897399902 75.238601684570 2.613600015640 40.205699920654 36.542301177979 60.250801086426 14.207599639893 90.394302368164 77.292503356934 56.159500122070 79.333198547363 86.781196594238 11.820300102234 17.685100555420 75.845397949219 3.166500091553 36.938701629639 49.416000366211 95.767097473145 44.680000305176 79.406303405762 91.508201599121 59.263599395752 34.827999114990 44.210098266602 7.219600200653 17.508699417114 37.514999389648 26.702899932861 61.485198974609 61.168701171875 60.458198547363 35.988998413086 53.192901611328 13.881699562073 82.237800598145 21.595899581909 47.090000152588 69.187797546387 96.692596435547 90.034698486328 14.457900047302 20.081100463867 15.243200302124 92.241203308105 96.984901428223 0.671899974346 93.556900024414 75.061500549316 51.918201446533 66.498100280762 58.075401306152 23.350200653076 12.508600234985 53.120201110840 85.563201904297
0.000000000000 96.284400939941 93.782203674316 3.447700023651 84.563102722168 16.369899749756 52.308601379395 35.849700927734 82.585296630859 56.911998748779 49.839801788330 19.205799102783 63.199401855469 69.882598876953 64.681198120117 82.200500488281 66.339797973633 74.477897644043 0.475100010633 80.127197265625 99.971603393555 37.296199798584 70.433700561523 93.862800598145 44.907699584961 49.298198699951 38.345600128174 25.290100097656 84.986503601074 14.896800041199 0.234599992633 50.616600036621 75.697700500488 49.860099792480 13.194100379944 53.157001495361 76.812202453613 85.992599487305 70.944297790527 47.456501007080 85.170196533203 79.006599426270 57.711601257324 49.502300262451 35.273700714111 39.129100799561 74.263099670410 29.408000946045 47.640598297119 57.324501037598 85.440902709961 75.920898437500 59.075000762939 84.546798706055 57.466701507568 78.989997863770 44.514900207520 85.559997558594 67.334503173828 65.092697143555 65.393096923828 15.178500175476 12.241499900818 52.971500396729
0.000000000000 71.297996520996 54.650798797607 61.607601165771 95.154998779297 23.633800506592 87.753196716309 65.243896484375 82.283699035645 29.399400711060 67.783699035645 22.110500335693 31.494899749756 59.045898437500 24.392299652100 42.842601776123 71.580902099609 84.525703430176 39.280899047852 54.952400207520 57.333000183105 10.381099700928 97.192802429199 18.534999847412 80.241699218750 75.314102172852 58.469200134277 68.329101562500 91.557899475098 32.317100524902 13.233300209045 83.968696594238 98.285697937012 4.645500183105 28.116399765015 52.018199920654 48.302101135254 56.167701721191 4.716199874878 54.638599395752 7.275400161743 81.755699157715 48.003799438477 51.582401275635 12.133000373840 71.840698242188 36.768398284912 97.048599243164 2.416500091553 29.934600830078 75.789497375488 29.050399780273 67.447898864746 31.684700012207 78.396598815918 67.324600219727 44.534301757812 35.641300201416 17.179300308228 38.102199554443 9.037400245667 70.655502319336 25.510999679565 54.654300689697
0.000000000000 22.166799545288 40.214599609375 94.763099670410 25.449899673462 76.745796203613 55.540798187256 19.593399047852 40.472499847412 71.029403686523 16.394500732422 7.654099941254 51.981601715088 61.143299102783 94.679000854492 86.862701416016 27.637500762939 22.148700714111 65.748397827148 43.377998352051 45.879299163818 79.977096557617 91.321601867676 24.998800277710 19.333000183105 75.253799438477 63.392501831055 63.079700469971 92.197898864746 15.979499816895 10.156599998474 4.018400192261 25.200599670410 3.184499979019 53.101398468018 77.563903808594 84.934997558594 76.305603027344 77.055801391602 23.902000427246 38.486999511719 74.022399902344 70.903900146484 2.592200040817 15.676199913025 29.192499160767 51.920700073242 90.056396484375 2.527600049973 26.942800521851 8.587300300598 58.127498626709 20.528600692749 48.985698699951 68.954299926758 27.553800582886 45.573001861572 78.513999938965 54.682399749756 20.732799530029 97.382698059082 20.659999847412 76.670700073242 5.692200183868
0.000000000000 47.312900543213 94.632400512695 23.085300445557 24.031700134277 24.476100921631 0.116400003433 88.597396850586 35.848300933838 30.558200836182 11.429300308228 0.649399995804 66.319999694824 47.519798278809 10.951399803162 53.414798736572 92.130996704102 87.288200378418 59.416000366211 93.238502502441 53.764999389648 40.794300079346 4.911399841309 14.418399810791 8.649499893188 76.028297424316 61.356201171875 42.092098236084 83.237197875977 64.525100708008 65.501197814941 11.486800193787 78.002799987793 92.538597106934 3.181200027466 57.113899230957 28.887300491333 91.316001892090 22.969200134277 4.019499778748 73.311798095703 54.412601470947 82.094299316406 2.891299962997 47.908100128174 53.294498443604 53.268199920654 34.461799621582 2.479599952698 30.191400527954 7.935299873352 96.666297912598 39.655601501465 53.447898864746 41.082298278809 80.696296691895 62.868400573730 49.246601104736 38.268100738525 31.894599914551 11.582500457764 22.706100463867 74.546096801758 25.916799545288
0.000000000000 50.758399963379 20.042400360107 17.938199996948 43.257598876953 89.494598388672 25.958400726318 3.845400094986 93.615303039551 46.646999359131 85.550102233887 62.604000091553 66.162300109863 96.572601318359 37.395900726318 62.190200805664 2.932100057602 11.378399848938 75.112098693848 43.657699584961 84.868797302246 34.897998809814 19.900400161743 6.398300170898 50.389801025391 48.729499816895 90.581497192383 6.043399810791 28.493799209595 98.327301025391 40.034698486328 20.501699447632 48.889999389648 22.781700134277 50.710700988770 59.305801391602 56.528099060059 71.574699401855 8.774100303650 95.507400512695 62.975601196289 97.224197387695 27.975000381470 36.840999603271 92.783699035645 98.784797668457 6.261000156403 91.626602172852 54.607101440430 74.247802734375 41.555099487305 32.501098632812 67.909301757812 67.310699462891 87.437896728516 69.259696960449 87.680603027344 98.656600952148 79.276901245117 4.249599933624 61.127601623535 76.312599182129 7.941899776459 74.530403137207
0.000000000000 95.073303222656 86.682701110840 10.903599739075 71.142402648926 84.633201599121 93.077003479004 37.762798309326 3.273900032043 65.964103698730 48.514198303223 60.397300720215 74.359100341797 98.793098449707 42.384201049805 84.052803039551 46.715999603271 51.171298980713 24.345699310303 43.667098999023 42.213600158691 83.023300170898 2.215800046921 74.251296997070 38.159900665283 47.872398376465 90.542396545410 46.650398254395 2.133599996567 34.247398376465 97.149101257324 5.722099781036 83.451698303223 10.020299911499 27.122999191284 52.881900787354 26.373300552368 52.141300201416 38.693401336670 22.655599594116 30.341800689697 58.801498413086 94.709701538086 96.258300781250 71.751197814941 67.542396545410 80.234397888184 92.367202758789 52.638401031494 82.023399353027 86.181800842285 52.043098449707 39.491600036621 31.570299148560 7.699500083923 54.721599578857 53.590801239014 8.986399650574 0.490999996662 68.745201110840 26.714899063110 58.939998626709 51.416999816895 63.385501861572
0.000000000000 68.132896423340 67.325202941895 52.277999877930 32.855300903320 32.326599121094 67.960899353027 68.807296752930 7.318399906158 2.909100055695 7.277999877930 63.543598175049 59.182201385498 87.508697509766 3.757800102234 90.973800659180 77.510597229004 61.711498260498 94.531600952148 18.225500106812 90.963401794434 55.239398956299 37.245998382568 33.828601837158 68.513999938965 70.982002258301 38.986000061035 8.792400360107 66.613403320312 65.750602722168 66.789596557617 86.286796569824 68.977996826172 78.079101562500 12.168899536133 70.028602600098 60.505100250244 42.355400085449 51.203498840332 14.170399665833 40.770900726318 18.111200332642 60.456798553467 31.617000579834 43.808998107910 56.171001434326 71.347900390625 21.507900238037 23.474399566650 50.473899841309 59.397499084473 0.714299976826 24.855699539185 57.814498901367 66.945396423340 58.691600799561 15.323300361633 74.325996398926 20.314899444580 1.314000010490 14.310000419617 89.236198425293 41.091400146484 30.332300186157
file: 64.in result: 0 repeat: 1 avg-time: 0.000001955000 s
1.000000000000 0.376929879189 0.659185707569 0.518797039986 1.131005764008 0.250910669565 0.915517807007 1.105867624283
80.495498657227 -21140.542968750000 12.591300010681 95.057800292969 74.255500793457 41.791198730469 7.033400058746 58.293098449707
0.000000000000 89.003097534180 62.709201812744 81.857398986816 82.788696289062 83.763397216797 66.052696228027 83.458396911621
0.000000000000 33.379100799561 44.634498596191 75.673698425293 26.966499328613 3.636699914932 75.895698547363 85.335700988770
0.000000000000 92.137702941895 0.437599986792 73.137603759766 2.633100032806 33.281501770020 69.062301635742 23.737100601196
0.000000000000 2.123399972916 92.212898254395 6.567500114441 94.489402770996 19.601499557495 52.241500854492 91.912300109863
0.000000000000 69.284400939941 1.191200017929 44.522201538086 34.080799102783 1.325600028038 34.822399139404 65.700103759766
0.000000000000 98.677101135254 3.021399974823 64.470100402832 89.000198364258 0.462599992752 1.336099982262 71.475799560547
file: 8.in result: 0 repeat: 1 avg-time: 0.000001886000 s
